Равномерность - 0.13227513227513227
[[[344 349 353]
  [345 349 352]
  [345 348 352]
  [346 349 352]
  [346 351 359]
  [346 349 354]
  [344 350 356]
  [344 350 356]
  [346 351 354]
  [348 352 357]
  [347 350 357]
  [348 352 356]
  [348 351 356]
  [348 351 355]
  [344 350 354]
  [349 351 356]
  [347 351 356]
  [348 351 356]
  [349 352 355]
  [349 352 356]
  [347 350 356]
  [348 352 355]
  [343 350 354]
  [343 352 360]
  [347 352 357]
  [346 350 357]
  [348 351 354]
  [350 352 355]
  [349 353 357]
  [346 352 360]
  [348 353 360]
  [349 352 356]
  [349 352 355]
  [346 351 355]
  [345 348 353]
  [347 351 355]
  [343 349 355]
  [345 348 354]
  [349 351 354]
  [343 349 354]
  [343 350 357]
  [343 350 356]
  [347 351 357]
  [348 351 355]
  [347 352 356]
  [345 349 355]
  [345 348 352]
  [347 350 354]
  [344 348 351]
  [346 348 352]
  [342 347 353]
  [345 349 353]
  [346 349 353]
  [344 347 351]
  [344 347 354]
  [343 347 354]
  [343 345 348]
  [344 346 349]
  [341 347 353]
  [346 348 355]
  [340 345 348]
  [340 345 352]
  [340 346 350]
  [339 346 350]
  [340 344 349]
  [340 345 350]
  [341 345 350]
  [338 342 347]
  [337 341 347]
  [341 342 348]
  [341 343 348]
  [341 344 348]
  [337 343 349]
  [334 340 349]
  [338 341 345]
  [334 337 343]
  [337 340 344]
  [337 340 344]
  [335 338 344]
  [335 339 342]
  [335 338 342]
  [333 336 340]
  [328 335 340]
  [332 337 342]
  [334 337 342]
  [334 336 340]
  [333 338 342]]

 [[344 349 355]
  [346 350 353]
  [345 348 352]
  [340 347 352]
  [345 350 357]
  [346 350 357]
  [346 350 355]
  [350 352 356]
  [349 351 355]
  [350 354 358]
  [346 353 359]
  [348 352 359]
  [346 350 353]
  [346 349 353]
  [346 348 352]
  [346 351 358]
  [350 353 358]
  [344 349 355]
  [344 349 357]
  [346 352 358]
  [346 353 360]
  [346 350 359]
  [346 349 352]
  [349 352 356]
  [348 353 358]
  [346 350 356]
  [346 349 355]
  [351 353 361]
  [346 351 354]
  [346 350 355]
  [345 349 355]
  [345 349 355]
  [346 351 357]
  [347 351 357]
  [347 351 356]
  [349 352 358]
  [347 351 355]
  [345 349 354]
  [348 352 357]
  [346 351 354]
  [346 351 356]
  [345 350 355]
  [347 350 357]
  [347 350 353]
  [347 349 353]
  [347 350 353]
  [347 350 355]
  [348 352 357]
  [347 351 356]
  [345 349 356]
  [341 346 352]
  [341 347 354]
  [345 348 354]
  [345 349 356]
  [345 348 355]
  [343 347 353]
  [342 347 353]
  [342 346 351]
  [340 345 351]
  [343 346 351]
  [339 343 349]
  [340 343 347]
  [342 346 351]
  [341 345 351]
  [341 344 350]
  [342 348 360]
  [344 347 353]
  [339 344 348]
  [341 343 347]
  [340 343 350]
  [342 346 351]
  [339 346 351]
  [337 342 350]
  [337 340 350]
  [337 340 345]
  [337 340 344]
  [339 341 345]
  [338 341 345]
  [336 340 344]
  [335 339 346]
  [336 339 343]
  [334 338 343]
  [334 337 343]
  [332 335 339]
  [333 337 343]
  [334 337 341]
  [334 338 342]]

 [[348 351 355]
  [346 349 355]
  [346 350 355]
  [340 349 355]
  [345 349 353]
  [347 350 354]
  [349 351 355]
  [350 351 356]
  [347 351 354]
  [347 352 357]
  [346 352 359]
  [349 353 359]
  [348 351 355]
  [346 351 355]
  [346 351 356]
  [346 351 355]
  [349 352 355]
  [346 351 356]
  [349 352 357]
  [346 351 357]
  [346 351 355]
  [348 352 356]
  [350 352 357]
  [348 352 358]
  [349 353 360]
  [347 353 357]
  [345 350 355]
  [352 353 357]
  [348 351 355]
  [346 350 355]
  [344 350 356]
  [344 348 356]
  [346 350 357]
  [349 352 357]
  [348 351 356]
  [351 354 359]
  [348 351 358]
  [348 351 356]
  [347 351 356]
  [346 349 354]
  [346 350 354]
  [345 350 355]
  [344 349 356]
  [344 350 356]
  [346 350 356]
  [346 349 353]
  [344 347 353]
  [343 348 356]
  [348 352 359]
  [345 351 359]
  [343 348 352]
  [343 347 351]
  [343 347 353]
  [345 348 353]
  [342 349 354]
  [342 348 353]
  [344 347 351]
  [342 345 350]
  [342 345 351]
  [342 343 346]
  [343 346 351]
  [344 347 351]
  [343 346 349]
  [341 345 349]
  [340 343 347]
  [340 348 360]
  [346 349 355]
  [342 345 348]
  [334 341 345]
  [334 342 349]
  [340 345 351]
  [339 344 351]
  [339 342 347]
  [338 342 347]
  [336 343 348]
  [336 343 348]
  [338 341 344]
  [336 340 344]
  [338 341 347]
  [339 342 347]
  [336 339 344]
  [333 336 341]
  [334 339 344]
  [334 339 344]
  [336 339 346]
  [335 337 341]
  [334 336 339]]

 [[345 349 356]
  [349 354 359]
  [348 352 358]
  [342 348 353]
  [343 349 355]
  [348 352 357]
  [348 352 357]
  [348 351 356]
  [347 350 354]
  [347 352 356]
  [349 352 357]
  [352 354 359]
  [350 352 355]
  [350 353 357]
  [349 352 355]
  [349 351 357]
  [351 353 357]
  [350 353 356]
  [350 352 356]
  [347 350 355]
  [346 352 357]
  [346 352 355]
  [349 351 354]
  [347 351 355]
  [344 349 356]
  [347 350 357]
  [348 351 354]
  [348 351 357]
  [343 350 357]
  [343 349 355]
  [347 350 355]
  [347 351 356]
  [348 351 353]
  [349 352 356]
  [349 352 356]
  [347 351 356]
  [348 352 357]
  [344 351 357]
  [345 350 356]
  [345 349 355]
  [348 351 355]
  [348 351 355]
  [347 353 359]
  [347 352 357]
  [349 351 355]
  [347 349 352]
  [345 348 352]
  [343 349 354]
  [346 351 355]
  [345 349 355]
  [345 348 353]
  [345 348 353]
  [345 348 353]
  [346 349 355]
  [342 348 354]
  [342 348 352]
  [345 347 351]
  [342 347 351]
  [340 345 351]
  [340 344 350]
  [342 346 353]
  [342 346 353]
  [341 347 351]
  [340 344 350]
  [340 343 347]
  [340 344 350]
  [341 347 355]
  [341 345 351]
  [334 342 346]
  [334 341 348]
  [340 346 351]
  [341 345 351]
  [340 344 350]
  [338 343 350]
  [339 343 348]
  [335 340 347]
  [337 341 347]
  [335 339 344]
  [338 342 347]
  [338 341 345]
  [336 339 345]
  [331 338 343]
  [331 339 343]
  [332 338 343]
  [332 336 341]
  [336 339 342]
  [334 337 342]]

 [[347 350 354]
  [347 351 357]
  [346 349 353]
  [346 350 353]
  [349 352 360]
  [350 353 360]
  [349 351 357]
  [349 352 356]
  [350 353 356]
  [351 353 358]
  [348 350 354]
  [349 352 358]
  [347 352 358]
  [346 349 353]
  [348 351 355]
  [351 353 357]
  [351 353 356]
  [350 352 358]
  [346 352 359]
  [346 352 357]
  [346 353 361]
  [346 352 360]
  [347 354 360]
  [351 354 359]
  [346 351 357]
  [347 349 355]
  [348 351 355]
  [349 352 355]
  [344 351 355]
  [344 350 354]
  [349 353 358]
  [350 354 359]
  [347 353 358]
  [347 351 356]
  [349 355 361]
  [348 353 358]
  [348 351 356]
  [344 349 356]
  [345 350 353]
  [345 349 353]
  [344 348 351]
  [344 349 354]
  [346 352 357]
  [346 351 355]
  [347 350 355]
  [348 349 353]
  [347 349 353]
  [346 350 357]
  [346 350 354]
  [347 350 355]
  [346 349 354]
  [342 347 352]
  [342 347 352]
  [345 348 352]
  [347 351 357]
  [345 349 353]
  [345 347 351]
  [345 347 351]
  [340 346 351]
  [340 344 350]
  [344 348 351]
  [341 345 349]
  [344 347 352]
  [342 346 349]
  [341 345 350]
  [342 346 351]
  [341 344 349]
  [341 344 348]
  [337 342 348]
  [337 343 348]
  [339 345 351]
  [339 343 348]
  [339 343 347]
  [338 342 348]
  [340 342 348]
  [335 341 345]
  [337 342 347]
  [334 338 346]
  [336 343 349]
  [341 344 349]
  [336 341 349]
  [335 339 343]
  [335 338 342]
  [335 340 346]
  [333 338 343]
  [337 340 343]
  [337 340 342]]

 [[349 353 358]
  [349 352 357]
  [346 350 356]
  [345 350 354]
  [347 352 360]
  [346 352 360]
  [349 351 354]
  [349 352 355]
  [345 350 356]
  [350 352 357]
  [350 354 358]
  [350 353 358]
  [344 351 355]
  [344 349 353]
  [348 353 359]
  [349 353 359]
  [346 351 355]
  [347 353 358]
  [346 350 355]
  [346 352 358]
  [349 354 359]
  [352 355 359]
  [351 354 358]
  [347 351 357]
  [345 348 352]
  [346 351 358]
  [348 352 356]
  [349 353 359]
  [349 354 359]
  [348 352 356]
  [348 351 357]
  [349 352 358]
  [346 353 357]
  [347 352 357]
  [348 351 355]
  [347 352 357]
  [347 351 357]
  [347 350 356]
  [349 353 357]
  [349 352 357]
  [344 349 355]
  [344 351 356]
  [346 352 357]
  [344 348 351]
  [347 349 353]
  [345 349 354]
  [345 350 355]
  [347 351 356]
  [347 350 354]
  [347 350 357]
  [346 349 352]
  [342 347 351]
  [342 349 355]
  [345 348 353]
  [346 349 356]
  [342 347 352]
  [347 349 352]
  [344 347 351]
  [343 346 350]
  [343 348 355]
  [343 347 355]
  [340 346 350]
  [342 348 350]
  [341 345 349]
  [343 347 356]
  [340 347 356]
  [339 343 350]
  [340 345 349]
  [337 342 349]
  [339 342 344]
  [337 341 344]
  [337 341 348]
  [339 342 348]
  [339 342 347]
  [340 343 347]
  [338 342 346]
  [338 340 345]
  [339 342 346]
  [339 343 349]
  [339 341 345]
  [337 341 345]
  [338 341 346]
  [338 341 346]
  [338 340 345]
  [335 339 345]
  [333 338 343]
  [335 338 343]]

 [[347 352 355]
  [351 353 358]
  [349 353 356]
  [349 352 355]
  [347 351 355]
  [347 351 355]
  [349 351 356]
  [349 352 356]
  [345 351 356]
  [346 354 361]
  [352 356 361]
  [352 353 358]
  [344 351 355]
  [344 351 355]
  [350 353 357]
  [346 351 357]
  [351 354 357]
  [351 353 357]
  [346 351 355]
  [348 354 358]
  [354 356 359]
  [351 354 359]
  [349 354 361]
  [343 352 359]
  [343 352 360]
  [348 353 358]
  [350 353 358]
  [349 352 357]
  [352 353 357]
  [350 353 357]
  [349 350 355]
  [348 351 360]
  [346 352 360]
  [347 352 357]
  [348 353 359]
  [349 353 359]
  [348 352 358]
  [347 350 356]
  [347 350 357]
  [347 352 359]
  [349 355 361]
  [346 351 356]
  [346 349 356]
  [346 348 352]
  [346 349 354]
  [347 350 355]
  [345 348 351]
  [345 350 354]
  [347 351 355]
  [345 348 352]
  [347 349 352]
  [347 349 353]
  [343 347 351]
  [344 347 352]
  [346 348 352]
  [343 347 351]
  [341 347 352]
  [344 347 353]
  [343 348 353]
  [344 349 355]
  [343 346 351]
  [341 345 350]
  [342 345 350]
  [341 346 351]
  [344 346 351]
  [343 348 353]
  [340 345 354]
  [340 344 349]
  [339 344 349]
  [339 342 348]
  [337 344 348]
  [337 343 347]
  [339 342 348]
  [340 342 345]
  [340 343 348]
  [338 341 344]
  [334 340 345]
  [335 340 345]
  [339 341 345]
  [337 343 352]
  [339 342 348]
  [338 342 346]
  [337 341 346]
  [336 339 343]
  [335 340 346]
  [337 340 345]
  [337 340 345]]

 [[347 351 355]
  [351 354 357]
  [352 353 356]
  [350 353 357]
  [348 351 356]
  [348 351 356]
  [349 354 357]
  [349 353 357]
  [351 354 358]
  [350 354 360]
  [351 354 358]
  [349 352 357]
  [349 352 357]
  [350 353 357]
  [350 353 358]
  [348 352 356]
  [351 354 357]
  [349 353 357]
  [346 351 358]
  [348 352 357]
  [353 357 365]
  [352 355 361]
  [348 352 356]
  [348 353 357]
  [350 354 358]
  [347 352 357]
  [348 355 362]
  [348 352 358]
  [351 354 359]
  [350 353 358]
  [347 352 355]
  [346 350 355]
  [348 352 356]
  [348 352 358]
  [348 353 358]
  [349 354 358]
  [348 353 357]
  [347 351 356]
  [348 351 355]
  [348 354 357]
  [348 355 361]
  [348 354 361]
  [345 351 356]
  [345 349 353]
  [347 351 355]
  [348 351 356]
  [348 352 356]
  [348 350 355]
  [348 352 357]
  [345 350 354]
  [342 348 354]
  [345 348 354]
  [341 346 350]
  [341 346 351]
  [346 349 353]
  [342 347 351]
  [342 348 352]
  [345 348 353]
  [343 347 353]
  [343 348 352]
  [344 348 352]
  [344 347 351]
  [342 346 351]
  [341 344 347]
  [341 344 347]
  [341 344 348]
  [341 344 351]
  [338 342 345]
  [342 345 350]
  [342 345 348]
  [344 347 352]
  [345 349 352]
  [341 345 351]
  [340 344 347]
  [340 344 348]
  [335 340 345]
  [332 338 345]
  [336 341 347]
  [341 343 345]
  [338 343 352]
  [335 341 348]
  [333 338 344]
  [335 340 346]
  [337 340 345]
  [337 340 344]
  [336 339 344]
  [338 340 344]]

 [[350 352 356]
  [350 353 357]
  [350 353 357]
  [348 352 355]
  [347 351 357]
  [349 353 357]
  [352 354 357]
  [348 353 357]
  [351 353 357]
  [350 353 357]
  [349 354 362]
  [352 355 362]
  [350 353 357]
  [349 353 359]
  [349 353 360]
  [349 352 360]
  [344 352 360]
  [344 351 358]
  [349 351 357]
  [350 354 358]
  [348 353 359]
  [348 353 360]
  [348 354 360]
  [348 351 358]
  [350 354 361]
  [348 350 356]
  [348 352 356]
  [343 351 355]
  [348 351 355]
  [350 353 356]
  [346 351 356]
  [346 353 359]
  [348 354 359]
  [348 351 356]
  [346 351 355]
  [349 353 357]
  [347 351 357]
  [346 351 355]
  [349 352 355]
  [349 353 357]
  [348 350 355]
  [348 352 356]
  [345 352 357]
  [345 350 355]
  [348 350 355]
  [348 352 357]
  [347 351 354]
  [348 352 358]
  [348 350 354]
  [342 350 358]
  [342 349 356]
  [346 350 356]
  [345 349 354]
  [345 349 354]
  [346 350 354]
  [343 347 352]
  [345 349 354]
  [345 349 353]
  [345 349 352]
  [347 349 352]
  [346 347 349]
  [345 347 350]
  [342 348 353]
  [340 346 353]
  [342 346 352]
  [343 348 353]
  [341 347 353]
  [341 346 352]
  [342 346 350]
  [342 345 351]
  [344 348 352]
  [343 347 351]
  [341 346 352]
  [340 344 349]
  [337 341 349]
  [336 343 350]
  [335 341 347]
  [340 342 345]
  [336 343 350]
  [340 344 350]
  [338 342 346]
  [333 339 346]
  [336 339 344]
  [337 340 342]
  [337 340 345]
  [335 342 347]
  [338 341 347]]

 [[348 353 360]
  [350 356 364]
  [350 353 358]
  [349 352 356]
  [347 352 358]
  [351 354 361]
  [351 355 361]
  [351 354 357]
  [348 352 357]
  [349 352 356]
  [349 353 359]
  [352 355 361]
  [350 355 361]
  [350 354 360]
  [350 355 360]
  [350 353 357]
  [350 353 356]
  [351 354 360]
  [349 354 360]
  [349 354 359]
  [349 353 359]
  [349 355 360]
  [347 353 360]
  [347 352 359]
  [351 355 359]
  [347 351 357]
  [346 350 354]
  [351 353 359]
  [350 353 359]
  [350 353 361]
  [351 353 361]
  [349 354 359]
  [351 355 363]
  [350 354 360]
  [346 351 360]
  [349 353 359]
  [348 352 359]
  [348 354 359]
  [348 352 354]
  [349 352 356]
  [350 353 357]
  [351 353 357]
  [349 354 357]
  [347 350 356]
  [347 351 356]
  [347 351 357]
  [345 349 352]
  [349 351 354]
  [345 351 356]
  [345 354 358]
  [349 351 357]
  [345 348 354]
  [345 348 354]
  [342 349 354]
  [345 349 354]
  [346 350 355]
  [346 349 355]
  [346 350 354]
  [343 348 354]
  [345 347 351]
  [343 347 351]
  [344 347 351]
  [346 349 353]
  [342 348 352]
  [344 347 352]
  [343 348 351]
  [343 347 351]
  [343 347 353]
  [341 345 352]
  [343 345 349]
  [338 345 350]
  [338 343 348]
  [341 345 351]
  [340 344 348]
  [338 342 348]
  [339 344 350]
  [339 343 347]
  [339 343 347]
  [340 343 350]
  [341 344 350]
  [340 344 348]
  [339 341 344]
  [336 340 345]
  [337 343 346]
  [340 344 347]
  [335 340 346]
  [335 340 347]]

 [[345 351 355]
  [351 355 361]
  [349 353 357]
  [349 353 356]
  [350 353 358]
  [350 354 360]
  [349 354 360]
  [349 353 358]
  [350 354 358]
  [349 352 358]
  [349 354 359]
  [347 355 364]
  [350 354 363]
  [350 355 360]
  [348 354 360]
  [348 351 357]
  [352 356 363]
  [352 358 363]
  [352 356 359]
  [351 355 360]
  [350 354 360]
  [351 354 359]
  [351 354 359]
  [351 354 359]
  [349 353 359]
  [349 352 357]
  [346 352 357]
  [346 352 357]
  [349 352 358]
  [349 352 359]
  [346 352 359]
  [345 350 356]
  [349 352 358]
  [349 353 357]
  [351 353 357]
  [352 354 358]
  [350 354 360]
  [351 355 362]
  [351 353 360]
  [351 355 359]
  [348 352 359]
  [348 354 359]
  [350 352 356]
  [348 350 356]
  [348 351 354]
  [346 349 354]
  [346 350 354]
  [347 350 355]
  [345 350 355]
  [345 353 357]
  [346 351 357]
  [345 348 353]
  [346 348 356]
  [346 349 356]
  [346 350 355]
  [347 351 354]
  [348 351 355]
  [345 350 354]
  [346 348 351]
  [345 348 353]
  [346 349 352]
  [339 347 350]
  [346 351 356]
  [340 345 352]
  [344 347 352]
  [343 348 351]
  [338 344 351]
  [338 346 352]
  [341 345 352]
  [340 344 353]
  [338 347 353]
  [338 343 348]
  [340 345 353]
  [340 346 353]
  [338 344 350]
  [343 345 349]
  [341 344 348]
  [337 342 347]
  [337 341 346]
  [340 342 346]
  [340 345 351]
  [338 343 348]
  [338 342 347]
  [339 343 348]
  [338 341 345]
  [339 342 346]
  [339 341 343]]

 [[349 353 357]
  [351 355 362]
  [351 353 357]
  [352 355 361]
  [350 355 361]
  [350 355 359]
  [349 352 356]
  [349 354 360]
  [350 355 360]
  [350 354 364]
  [349 353 358]
  [347 351 356]
  [349 353 358]
  [350 353 359]
  [350 354 360]
  [350 354 359]
  [353 357 360]
  [352 357 361]
  [351 353 358]
  [349 352 358]
  [350 353 358]
  [349 354 360]
  [349 354 359]
  [348 354 360]
  [347 352 357]
  [348 353 359]
  [352 356 363]
  [350 352 357]
  [344 353 358]
  [344 353 358]
  [346 354 358]
  [346 354 359]
  [347 353 359]
  [349 356 362]
  [352 355 359]
  [348 352 357]
  [347 351 357]
  [349 353 357]
  [350 354 360]
  [352 354 360]
  [348 353 357]
  [348 353 357]
  [344 351 357]
  [348 350 355]
  [346 349 355]
  [347 349 352]
  [346 350 355]
  [349 351 355]
  [346 351 355]
  [350 353 356]
  [344 350 356]
  [344 349 354]
  [344 348 353]
  [346 348 351]
  [344 350 357]
  [344 351 357]
  [344 349 355]
  [344 348 351]
  [346 348 351]
  [345 347 353]
  [346 349 353]
  [344 348 353]
  [348 351 355]
  [346 349 354]
  [345 347 350]
  [343 348 353]
  [342 346 353]
  [342 346 351]
  [342 345 351]
  [342 346 353]
  [344 348 354]
  [340 345 349]
  [344 347 353]
  [343 346 353]
  [341 347 350]
  [341 344 348]
  [340 343 348]
  [339 343 349]
  [337 344 348]
  [340 344 348]
  [340 344 349]
  [339 343 348]
  [339 344 349]
  [339 343 347]
  [336 341 347]
  [336 341 347]
  [337 341 345]]

 [[349 353 359]
  [352 355 359]
  [351 355 359]
  [350 355 360]
  [355 357 360]
  [353 356 362]
  [350 354 360]
  [350 354 359]
  [350 354 359]
  [350 356 364]
  [353 356 361]
  [352 355 357]
  [352 357 361]
  [350 356 361]
  [352 356 361]
  [352 355 359]
  [350 354 357]
  [351 356 363]
  [351 355 360]
  [350 354 358]
  [352 354 356]
  [349 355 358]
  [349 354 358]
  [349 353 358]
  [352 354 357]
  [351 355 362]
  [351 355 362]
  [350 356 362]
  [351 356 362]
  [348 353 359]
  [351 354 358]
  [350 353 357]
  [347 353 360]
  [351 356 362]
  [349 355 361]
  [349 354 361]
  [352 355 359]
  [349 353 357]
  [349 355 361]
  [353 355 360]
  [350 352 356]
  [350 353 356]
  [347 352 358]
  [349 353 358]
  [347 351 357]
  [346 350 352]
  [346 351 358]
  [347 352 358]
  [347 351 354]
  [350 352 355]
  [346 349 355]
  [346 349 354]
  [344 351 355]
  [346 351 354]
  [344 348 353]
  [344 350 356]
  [344 349 354]
  [344 348 353]
  [345 350 357]
  [345 349 354]
  [343 348 354]
  [343 348 354]
  [347 350 354]
  [343 349 353]
  [343 346 350]
  [343 347 352]
  [344 348 352]
  [341 346 351]
  [339 344 350]
  [342 345 348]
  [344 347 351]
  [342 347 353]
  [342 345 348]
  [342 346 353]
  [341 348 353]
  [339 344 351]
  [340 342 348]
  [340 344 350]
  [343 346 352]
  [342 345 352]
  [340 343 349]
  [343 345 348]
  [340 344 349]
  [341 344 350]
  [343 345 349]
  [339 344 349]
  [336 342 348]]

 [[347 353 359]
  [347 353 360]
  [351 354 357]
  [346 352 357]
  [349 354 360]
  [351 354 359]
  [351 355 358]
  [350 355 362]
  [351 354 357]
  [351 355 359]
  [348 353 361]
  [348 354 358]
  [351 354 357]
  [353 356 361]
  [351 355 361]
  [351 354 358]
  [351 355 359]
  [351 354 360]
  [351 354 358]
  [351 355 361]
  [351 355 360]
  [349 355 360]
  [349 355 359]
  [350 354 358]
  [349 353 357]
  [351 354 357]
  [352 354 357]
  [352 356 360]
  [352 356 360]
  [352 355 361]
  [354 357 361]
  [348 353 358]
  [348 352 357]
  [350 354 360]
  [349 353 359]
  [349 353 359]
  [350 354 357]
  [350 353 357]
  [349 354 361]
  [349 352 357]
  [350 354 360]
  [350 353 358]
  [350 353 358]
  [345 351 358]
  [345 352 359]
  [348 352 356]
  [348 351 355]
  [348 352 355]
  [350 354 361]
  [350 355 361]
  [346 350 354]
  [345 349 354]
  [349 351 354]
  [349 351 354]
  [347 351 358]
  [345 351 358]
  [347 350 355]
  [346 349 352]
  [345 348 351]
  [344 348 354]
  [347 351 356]
  [345 348 354]
  [346 349 352]
  [346 349 354]
  [343 348 351]
  [346 349 352]
  [343 346 351]
  [342 347 353]
  [343 348 353]
  [343 346 352]
  [344 348 352]
  [342 347 352]
  [343 347 351]
  [342 346 352]
  [343 345 352]
  [339 344 350]
  [341 346 351]
  [340 344 349]
  [342 345 350]
  [342 344 348]
  [342 345 349]
  [343 345 351]
  [341 345 351]
  [339 343 349]
  [339 343 348]
  [340 344 348]
  [340 344 348]]

 [[351 355 359]
  [351 356 363]
  [349 354 360]
  [348 351 358]
  [349 353 359]
  [351 356 361]
  [349 354 361]
  [349 354 359]
  [351 354 360]
  [353 357 365]
  [350 357 362]
  [352 357 364]
  [352 355 360]
  [353 356 360]
  [352 356 360]
  [352 356 361]
  [353 356 362]
  [350 354 360]
  [348 353 359]
  [349 354 360]
  [351 356 362]
  [352 356 362]
  [351 355 359]
  [346 351 357]
  [349 353 358]
  [348 352 356]
  [348 354 362]
  [350 356 362]
  [355 356 359]
  [354 356 360]
  [351 354 358]
  [352 355 359]
  [353 355 360]
  [351 356 362]
  [351 354 357]
  [350 352 359]
  [348 353 362]
  [350 356 362]
  [349 352 359]
  [349 351 353]
  [349 353 361]
  [350 355 360]
  [351 354 360]
  [349 354 358]
  [343 351 357]
  [348 353 357]
  [349 353 357]
  [349 353 356]
  [352 354 359]
  [351 354 359]
  [350 352 356]
  [349 351 355]
  [348 351 355]
  [351 353 357]
  [347 353 358]
  [347 352 358]
  [349 352 355]
  [348 352 356]
  [345 349 354]
  [344 346 353]
  [344 349 352]
  [347 349 353]
  [345 350 355]
  [345 351 356]
  [345 350 355]
  [345 349 353]
  [344 350 355]
  [343 348 353]
  [343 348 353]
  [343 347 353]
  [343 347 353]
  [343 346 353]
  [345 350 353]
  [344 347 350]
  [343 345 349]
  [340 346 353]
  [340 343 350]
  [340 345 352]
  [345 347 352]
  [343 345 348]
  [343 346 350]
  [342 344 349]
  [342 344 348]
  [344 346 349]
  [342 345 349]
  [342 344 351]
  [341 343 347]]

 [[352 357 363]
  [353 356 359]
  [349 353 358]
  [349 354 358]
  [351 355 362]
  [351 356 361]
  [353 357 361]
  [353 356 361]
  [353 356 362]
  [350 355 359]
  [350 354 357]
  [351 354 358]
  [352 356 362]
  [352 356 360]
  [353 355 358]
  [353 358 367]
  [353 358 367]
  [350 355 364]
  [348 354 361]
  [349 354 359]
  [355 357 362]
  [351 356 361]
  [351 354 360]
  [351 353 356]
  [351 355 359]
  [348 354 359]
  [348 353 359]
  [350 353 358]
  [351 356 362]
  [351 355 360]
  [347 351 355]
  [347 353 360]
  [347 354 360]
  [351 355 360]
  [351 355 360]
  [351 354 359]
  [350 353 362]
  [346 354 362]
  [346 353 358]
  [348 352 357]
  [348 349 354]
  [350 355 359]
  [348 353 357]
  [348 354 358]
  [349 354 358]
  [348 353 356]
  [345 352 358]
  [345 353 358]
  [347 351 355]
  [346 350 355]
  [345 349 355]
  [345 350 353]
  [344 349 357]
  [346 352 357]
  [347 351 354]
  [347 350 354]
  [346 350 355]
  [346 349 353]
  [344 349 354]
  [344 350 356]
  [344 351 356]
  [347 353 356]
  [346 352 356]
  [343 348 355]
  [344 348 351]
  [348 350 353]
  [344 349 354]
  [344 349 356]
  [342 347 353]
  [343 349 354]
  [343 349 355]
  [343 346 351]
  [346 349 353]
  [344 348 352]
  [342 346 350]
  [342 347 353]
  [343 348 353]
  [343 345 350]
  [342 345 350]
  [343 346 350]
  [340 344 348]
  [341 344 349]
  [341 345 351]
  [341 345 350]
  [339 344 349]
  [339 343 349]
  [342 345 349]]

 [[353 356 361]
  [354 357 361]
  [351 354 359]
  [351 355 360]
  [351 356 365]
  [352 356 360]
  [354 357 361]
  [354 356 359]
  [353 355 361]
  [350 357 363]
  [350 355 361]
  [353 355 361]
  [352 355 358]
  [352 356 360]
  [353 356 359]
  [355 357 360]
  [354 357 362]
  [350 356 365]
  [350 355 361]
  [352 356 362]
  [350 356 362]
  [350 353 361]
  [351 354 360]
  [352 354 357]
  [349 355 361]
  [352 355 361]
  [352 355 359]
  [353 356 359]
  [353 356 359]
  [351 354 358]
  [351 355 360]
  [347 353 360]
  [347 353 363]
  [347 356 363]
  [352 355 360]
  [351 354 357]
  [350 353 357]
  [349 353 357]
  [349 354 357]
  [348 355 358]
  [347 352 359]
  [348 353 357]
  [348 353 357]
  [347 352 359]
  [346 352 357]
  [346 352 358]
  [345 351 356]
  [345 353 360]
  [349 353 356]
  [346 351 356]
  [345 351 356]
  [343 349 353]
  [343 350 357]
  [350 353 357]
  [348 353 358]
  [346 349 353]
  [346 350 354]
  [348 351 355]
  [347 349 353]
  [347 350 353]
  [346 349 355]
  [345 351 356]
  [345 351 356]
  [346 349 354]
  [348 350 354]
  [346 349 352]
  [344 347 351]
  [344 349 356]
  [345 349 354]
  [345 349 355]
  [346 349 355]
  [342 347 351]
  [346 348 354]
  [344 347 352]
  [342 350 355]
  [342 348 353]
  [343 347 353]
  [342 346 350]
  [342 347 352]
  [342 345 351]
  [343 345 350]
  [341 346 351]
  [341 344 349]
  [342 345 352]
  [342 345 349]
  [340 344 349]
  [340 342 346]]

 [[350 355 361]
  [353 357 361]
  [354 358 364]
  [350 357 364]
  [350 356 360]
  [350 354 359]
  [349 355 362]
  [353 357 362]
  [353 357 362]
  [354 358 364]
  [354 359 362]
  [353 357 361]
  [352 356 360]
  [351 356 361]
  [353 358 363]
  [355 358 362]
  [351 357 363]
  [353 356 363]
  [353 357 363]
  [354 356 363]
  [353 356 359]
  [350 354 358]
  [351 353 356]
  [349 354 357]
  [349 354 360]
  [352 356 360]
  [352 356 362]
  [353 356 361]
  [353 356 361]
  [350 353 360]
  [350 355 361]
  [352 356 361]
  [351 355 359]
  [353 357 363]
  [352 356 363]
  [351 354 357]
  [350 354 357]
  [350 354 359]
  [351 356 360]
  [351 354 360]
  [349 353 358]
  [352 355 359]
  [351 353 359]
  [351 355 360]
  [346 351 357]
  [346 351 358]
  [353 355 358]
  [351 354 359]
  [348 353 358]
  [350 353 358]
  [345 351 355]
  [345 350 353]
  [348 351 356]
  [348 353 358]
  [350 354 365]
  [348 352 358]
  [347 352 357]
  [347 351 355]
  [348 351 355]
  [347 350 354]
  [346 349 354]
  [345 347 352]
  [345 349 355]
  [345 350 356]
  [345 349 352]
  [346 350 357]
  [344 349 357]
  [344 347 351]
  [343 346 351]
  [343 347 352]
  [348 351 355]
  [343 348 355]
  [346 349 355]
  [341 346 351]
  [341 346 353]
  [344 348 353]
  [343 347 353]
  [343 347 353]
  [343 348 356]
  [343 346 351]
  [343 346 350]
  [344 346 350]
  [343 348 352]
  [341 348 357]
  [340 344 349]
  [340 344 349]
  [340 343 347]]

 [[352 354 357]
  [353 357 362]
  [356 358 364]
  [353 357 364]
  [351 356 361]
  [351 355 361]
  [353 356 361]
  [351 355 361]
  [351 357 363]
  [352 357 362]
  [352 356 361]
  [354 357 360]
  [354 357 362]
  [354 357 362]
  [356 358 362]
  [355 358 363]
  [351 357 363]
  [355 359 364]
  [357 359 363]
  [356 358 362]
  [353 356 361]
  [355 357 361]
  [349 355 361]
  [352 356 361]
  [353 357 362]
  [352 355 360]
  [352 355 358]
  [351 355 359]
  [353 356 359]
  [353 356 360]
  [346 355 358]
  [346 354 358]
  [351 353 357]
  [351 356 360]
  [353 356 361]
  [351 356 363]
  [354 358 363]
  [349 354 360]
  [350 353 358]
  [350 354 358]
  [350 354 360]
  [352 354 359]
  [351 356 363]
  [351 356 361]
  [352 354 361]
  [352 354 359]
  [352 355 359]
  [352 356 360]
  [351 354 359]
  [352 355 359]
  [350 353 360]
  [351 355 361]
  [348 353 361]
  [350 353 357]
  [352 354 359]
  [348 352 357]
  [348 351 354]
  [346 352 359]
  [348 352 359]
  [346 350 354]
  [348 351 356]
  [347 351 356]
  [347 350 355]
  [347 350 356]
  [347 350 358]
  [347 350 358]
  [344 349 355]
  [344 349 357]
  [344 350 357]
  [347 349 356]
  [347 350 356]
  [343 348 354]
  [347 350 355]
  [344 348 353]
  [343 347 356]
  [343 347 352]
  [345 347 351]
  [343 347 352]
  [342 346 352]
  [342 347 351]
  [345 348 353]
  [343 346 353]
  [340 344 349]
  [341 345 350]
  [344 346 351]
  [339 343 349]
  [339 343 347]]

 [[349 354 358]
  [350 357 363]
  [353 358 364]
  [349 354 357]
  [352 355 361]
  [352 356 364]
  [354 358 364]
  [352 355 359]
  [354 357 361]
  [353 356 360]
  [353 356 359]
  [353 356 359]
  [350 354 362]
  [353 357 362]
  [352 357 361]
  [352 357 362]
  [354 359 364]
  [357 359 364]
  [355 358 362]
  [351 357 363]
  [351 355 363]
  [351 356 359]
  [351 356 361]
  [346 354 362]
  [355 359 366]
  [354 359 366]
  [354 358 366]
  [351 356 360]
  [350 356 361]
  [350 354 359]
  [346 353 359]
  [346 354 359]
  [351 354 358]
  [351 354 360]
  [351 355 359]
  [352 356 360]
  [352 356 361]
  [352 355 360]
  [350 354 358]
  [350 356 362]
  [352 355 359]
  [353 357 362]
  [350 357 363]
  [350 353 359]
  [348 352 356]
  [347 352 356]
  [347 352 356]
  [352 356 360]
  [352 355 359]
  [347 354 359]
  [351 354 360]
  [349 353 360]
  [348 352 356]
  [348 352 357]
  [349 354 360]
  [348 352 357]
  [350 352 355]
  [349 351 353]
  [348 350 354]
  [344 349 353]
  [345 350 358]
  [347 352 358]
  [343 350 357]
  [346 350 355]
  [347 351 358]
  [347 352 358]
  [350 352 356]
  [347 351 357]
  [347 350 355]
  [348 349 353]
  [347 350 354]
  [344 349 354]
  [346 349 352]
  [348 350 353]
  [348 351 356]
  [342 348 353]
  [342 346 352]
  [345 349 354]
  [344 349 354]
  [342 348 354]
  [343 347 354]
  [343 345 348]
  [341 345 350]
  [341 345 350]
  [343 346 349]
  [339 345 356]
  [339 345 353]]

 [[351 356 361]
  [355 357 360]
  [353 356 360]
  [351 355 361]
  [352 358 364]
  [352 355 359]
  [351 355 362]
  [355 358 362]
  [355 358 361]
  [353 358 364]
  [353 355 360]
  [353 356 361]
  [354 357 362]
  [353 355 362]
  [350 354 360]
  [350 357 363]
  [356 360 363]
  [356 358 361]
  [353 357 361]
  [352 355 360]
  [352 357 360]
  [353 356 361]
  [351 355 360]
  [346 353 361]
  [351 358 364]
  [354 357 361]
  [354 358 362]
  [351 356 360]
  [353 356 360]
  [350 355 360]
  [354 356 360]
  [352 356 360]
  [349 355 359]
  [353 356 360]
  [353 356 360]
  [353 356 360]
  [354 356 359]
  [354 356 362]
  [352 355 359]
  [350 357 361]
  [349 353 358]
  [350 357 363]
  [354 358 363]
  [351 354 359]
  [346 350 355]
  [346 352 361]
  [349 352 357]
  [350 353 359]
  [349 354 359]
  [347 353 358]
  [348 353 358]
  [348 352 357]
  [351 353 356]
  [349 352 357]
  [348 352 356]
  [348 351 357]
  [348 352 357]
  [348 353 357]
  [350 352 357]
  [344 350 356]
  [345 352 356]
  [348 351 355]
  [345 350 357]
  [345 349 355]
  [347 350 353]
  [347 351 358]
  [344 351 359]
  [344 350 357]
  [344 349 355]
  [343 348 357]
  [346 351 357]
  [346 351 359]
  [347 351 357]
  [347 351 355]
  [347 351 356]
  [346 350 356]
  [343 348 356]
  [345 349 355]
  [344 349 355]
  [340 345 351]
  [341 346 350]
  [342 347 352]
  [343 346 352]
  [342 345 350]
  [342 346 353]
  [345 349 356]
  [343 347 353]]

 [[351 357 361]
  [356 359 364]
  [353 357 360]
  [353 357 360]
  [352 356 359]
  [352 355 359]
  [352 356 360]
  [357 359 364]
  [356 359 364]
  [353 358 362]
  [351 356 363]
  [352 357 363]
  [354 357 363]
  [355 356 360]
  [353 358 362]
  [357 359 363]
  [355 358 363]
  [356 359 363]
  [353 356 362]
  [353 356 360]
  [354 357 362]
  [353 357 361]
  [353 355 362]
  [353 355 358]
  [351 356 362]
  [354 357 361]
  [353 356 360]
  [351 355 360]
  [354 357 360]
  [353 356 360]
  [353 355 359]
  [354 357 361]
  [349 356 359]
  [352 356 359]
  [354 358 363]
  [351 354 362]
  [352 355 359]
  [354 356 360]
  [351 355 360]
  [350 354 359]
  [347 350 355]
  [350 354 359]
  [351 356 361]
  [353 356 361]
  [349 352 356]
  [349 353 361]
  [348 353 358]
  [349 352 358]
  [350 354 357]
  [352 355 359]
  [348 355 361]
  [348 352 355]
  [350 354 358]
  [350 355 359]
  [348 352 359]
  [348 353 360]
  [348 354 360]
  [348 353 358]
  [347 351 355]
  [348 352 358]
  [351 354 357]
  [351 354 358]
  [348 351 356]
  [348 352 359]
  [347 350 353]
  [348 353 363]
  [344 351 363]
  [344 349 352]
  [346 348 352]
  [346 349 355]
  [346 350 355]
  [346 352 359]
  [347 351 358]
  [348 350 355]
  [347 350 354]
  [346 350 356]
  [346 350 354]
  [348 350 354]
  [342 347 351]
  [342 347 351]
  [342 348 352]
  [342 347 352]
  [342 345 349]
  [342 346 352]
  [342 346 350]
  [339 345 350]
  [338 343 349]]

 [[355 360 366]
  [353 358 363]
  [353 356 360]
  [350 355 360]
  [353 357 364]
  [354 357 361]
  [352 356 359]
  [352 357 362]
  [355 358 363]
  [353 356 363]
  [353 358 364]
  [352 357 364]
  [355 359 363]
  [353 357 361]
  [355 357 363]
  [356 360 364]
  [351 357 363]
  [351 356 363]
  [352 357 361]
  [354 358 363]
  [352 355 358]
  [353 357 362]
  [352 356 361]
  [351 354 358]
  [353 356 362]
  [353 356 360]
  [351 355 358]
  [351 356 362]
  [353 358 365]
  [344 353 360]
  [350 355 359]
  [353 356 359]
  [353 357 359]
  [356 358 363]
  [355 357 362]
  [349 355 362]
  [349 356 361]
  [353 356 359]
  [350 353 364]
  [351 357 364]
  [351 356 364]
  [352 355 362]
  [350 354 361]
  [352 354 357]
  [349 353 357]
  [349 354 359]
  [349 355 361]
  [349 355 360]
  [353 357 363]
  [350 354 357]
  [348 352 356]
  [350 353 358]
  [348 355 360]
  [348 354 360]
  [351 354 359]
  [352 354 359]
  [352 354 359]
  [350 353 358]
  [345 351 358]
  [345 352 358]
  [350 353 356]
  [352 354 358]
  [351 354 358]
  [348 351 356]
  [347 352 358]
  [348 354 360]
  [345 352 359]
  [345 349 356]
  [346 350 356]
  [346 352 357]
  [349 352 356]
  [348 352 358]
  [346 349 354]
  [347 352 360]
  [349 354 360]
  [345 351 358]
  [347 351 354]
  [349 351 355]
  [343 349 355]
  [343 347 351]
  [344 347 352]
  [342 345 352]
  [342 346 349]
  [342 345 350]
  [343 346 350]
  [339 345 348]
  [338 342 347]]

 [[355 358 362]
  [355 358 362]
  [354 357 360]
  [354 357 360]
  [353 357 364]
  [351 356 360]
  [352 356 361]
  [352 357 362]
  [354 358 363]
  [354 357 363]
  [353 356 361]
  [354 358 364]
  [355 359 364]
  [353 357 362]
  [350 359 366]
  [350 358 365]
  [352 357 365]
  [351 356 367]
  [354 359 364]
  [355 360 368]
  [354 359 368]
  [357 360 363]
  [356 359 364]
  [355 359 366]
  [353 355 361]
  [350 356 363]
  [352 357 363]
  [351 357 363]
  [352 357 363]
  [350 355 362]
  [351 355 360]
  [352 355 360]
  [352 357 363]
  [354 357 363]
  [353 356 360]
  [353 356 359]
  [351 356 361]
  [354 357 362]
  [353 357 364]
  [352 358 364]
  [352 355 360]
  [354 357 362]
  [353 357 361]
  [352 355 358]
  [349 353 359]
  [349 354 361]
  [351 355 361]
  [351 356 360]
  [352 356 362]
  [350 354 360]
  [348 353 360]
  [351 354 362]
  [348 354 362]
  [348 352 358]
  [348 352 356]
  [350 352 357]
  [347 354 357]
  [352 354 360]
  [352 354 357]
  [350 353 357]
  [349 353 358]
  [349 353 358]
  [349 352 356]
  [350 353 359]
  [353 356 360]
  [352 355 360]
  [347 352 359]
  [345 349 353]
  [345 350 357]
  [349 353 357]
  [348 353 359]
  [347 351 356]
  [346 349 353]
  [347 350 358]
  [347 352 358]
  [347 351 357]
  [348 350 353]
  [347 351 355]
  [343 349 355]
  [343 348 354]
  [344 348 354]
  [342 347 352]
  [344 347 352]
  [342 345 352]
  [342 345 349]
  [344 347 351]
  [344 346 349]]

 [[358 360 364]
  [357 359 365]
  [354 358 364]
  [352 356 361]
  [353 358 365]
  [352 357 365]
  [355 358 363]
  [352 358 364]
  [354 359 364]
  [356 359 363]
  [355 358 361]
  [354 358 363]
  [355 360 365]
  [354 358 365]
  [350 358 366]
  [350 357 361]
  [353 357 361]
  [353 359 367]
  [355 358 361]
  [354 358 362]
  [355 360 366]
  [355 359 363]
  [354 359 364]
  [354 359 364]
  [353 357 361]
  [350 355 359]
  [351 356 360]
  [352 356 362]
  [352 358 362]
  [353 358 362]
  [352 358 365]
  [352 353 357]
  [351 356 363]
  [355 358 363]
  [353 356 362]
  [354 356 362]
  [352 356 360]
  [355 357 360]
  [352 356 361]
  [354 356 361]
  [354 357 361]
  [354 357 360]
  [351 355 359]
  [347 353 359]
  [351 354 358]
  [351 354 359]
  [353 356 359]
  [355 357 360]
  [355 357 360]
  [350 355 360]
  [349 354 360]
  [349 353 357]
  [351 355 359]
  [351 355 359]
  [349 355 360]
  [350 354 358]
  [349 354 358]
  [348 353 360]
  [349 354 360]
  [348 352 359]
  [348 353 358]
  [349 352 358]
  [350 354 357]
  [346 350 356]
  [346 351 356]
  [350 353 358]
  [349 355 359]
  [349 352 359]
  [347 351 356]
  [348 351 355]
  [348 351 355]
  [348 350 355]
  [347 350 354]
  [347 351 355]
  [345 350 354]
  [345 350 354]
  [348 350 353]
  [345 349 353]
  [345 348 355]
  [345 348 354]
  [345 348 352]
  [346 348 352]
  [345 348 352]
  [345 348 352]
  [343 347 351]
  [342 345 351]
  [343 345 348]]

 [[355 358 363]
  [353 358 364]
  [353 356 360]
  [352 356 360]
  [352 357 361]
  [354 357 362]
  [352 358 362]
  [354 359 365]
  [353 357 362]
  [353 359 363]
  [354 358 364]
  [354 357 360]
  [355 357 362]
  [357 359 363]
  [354 357 363]
  [354 356 361]
  [352 357 362]
  [352 357 361]
  [353 358 365]
  [353 358 363]
  [354 360 367]
  [354 359 364]
  [354 358 364]
  [354 359 363]
  [355 358 362]
  [352 356 362]
  [352 356 361]
  [357 359 365]
  [356 359 364]
  [353 356 362]
  [352 356 361]
  [354 355 358]
  [350 355 362]
  [350 356 360]
  [353 357 362]
  [352 356 362]
  [354 358 361]
  [354 357 361]
  [353 357 361]
  [353 357 361]
  [352 357 362]
  [355 358 362]
  [351 357 362]
  [351 356 362]
  [352 355 359]
  [352 355 358]
  [350 355 363]
  [353 356 361]
  [350 357 363]
  [350 354 363]
  [349 353 361]
  [349 355 361]
  [351 354 358]
  [350 353 356]
  [344 351 358]
  [344 352 361]
  [349 354 361]
  [348 353 358]
  [353 356 359]
  [351 355 360]
  [345 352 357]
  [345 353 360]
  [351 354 360]
  [350 353 355]
  [348 351 356]
  [350 354 358]
  [352 356 359]
  [350 353 359]
  [347 351 356]
  [346 352 359]
  [346 351 357]
  [346 350 355]
  [347 349 354]
  [345 349 353]
  [348 350 355]
  [347 351 356]
  [347 350 354]
  [348 351 356]
  [346 350 356]
  [345 348 354]
  [345 348 354]
  [341 346 352]
  [343 348 353]
  [346 348 353]
  [344 346 349]
  [344 346 348]
  [344 347 355]]

 [[353 356 361]
  [353 358 364]
  [354 357 361]
  [356 358 362]
  [356 359 363]
  [354 358 363]
  [352 359 365]
  [356 359 362]
  [356 358 363]
  [357 360 365]
  [354 358 365]
  [354 357 359]
  [354 357 360]
  [354 357 362]
  [352 355 359]
  [354 359 363]
  [354 359 363]
  [354 358 362]
  [355 358 362]
  [353 359 363]
  [353 359 367]
  [354 357 362]
  [354 357 364]
  [354 357 363]
  [350 357 362]
  [354 357 362]
  [351 354 358]
  [353 358 366]
  [354 359 366]
  [354 357 362]
  [356 358 362]
  [354 357 360]
  [353 357 364]
  [354 358 362]
  [352 357 362]
  [355 358 362]
  [356 358 360]
  [356 359 362]
  [355 358 361]
  [352 358 362]
  [352 356 363]
  [355 358 363]
  [348 354 361]
  [348 353 358]
  [352 355 358]
  [349 353 359]
  [354 357 363]
  [353 358 363]
  [350 355 359]
  [353 356 359]
  [351 356 361]
  [351 356 362]
  [352 354 360]
  [348 352 356]
  [344 353 359]
  [344 353 359]
  [352 355 361]
  [347 354 360]
  [347 354 360]
  [350 353 358]
  [351 354 357]
  [349 354 359]
  [350 354 358]
  [347 353 357]
  [346 351 357]
  [350 354 357]
  [350 352 355]
  [349 352 358]
  [348 352 358]
  [350 354 359]
  [348 353 357]
  [346 350 356]
  [348 350 355]
  [347 351 357]
  [350 352 357]
  [347 351 357]
  [347 349 355]
  [345 348 353]
  [348 350 353]
  [347 350 355]
  [346 349 355]
  [343 348 353]
  [343 348 354]
  [343 347 354]
  [344 346 348]
  [345 349 355]
  [341 348 355]]

 [[353 357 361]
  [353 359 365]
  [357 359 361]
  [356 358 362]
  [358 361 365]
  [356 359 363]
  [357 360 365]
  [356 360 367]
  [357 361 367]
  [354 359 364]
  [351 355 360]
  [354 357 360]
  [354 358 365]
  [354 358 365]
  [353 357 362]
  [353 359 363]
  [356 360 366]
  [351 357 361]
  [355 359 364]
  [353 360 365]
  [353 359 364]
  [356 358 363]
  [353 358 364]
  [354 358 362]
  [350 355 362]
  [351 356 363]
  [353 357 362]
  [353 359 363]
  [354 358 363]
  [353 356 361]
  [355 359 364]
  [353 356 362]
  [356 359 363]
  [354 357 361]
  [357 360 364]
  [358 360 364]
  [357 360 364]
  [354 359 364]
  [353 357 363]
  [350 357 363]
  [350 355 360]
  [354 357 361]
  [348 356 362]
  [347 354 364]
  [349 354 364]
  [352 355 359]
  [354 358 364]
  [354 357 362]
  [354 359 364]
  [353 357 364]
  [350 353 356]
  [350 353 358]
  [351 355 360]
  [351 354 360]
  [350 355 363]
  [349 353 359]
  [350 352 355]
  [351 355 362]
  [347 352 357]
  [347 353 358]
  [350 354 360]
  [348 351 358]
  [350 356 363]
  [347 355 363]
  [351 354 360]
  [351 354 358]
  [352 355 358]
  [346 353 360]
  [346 351 360]
  [347 352 357]
  [350 353 358]
  [350 352 356]
  [350 354 358]
  [347 351 356]
  [350 353 360]
  [348 352 357]
  [348 353 358]
  [345 350 357]
  [348 351 356]
  [344 349 355]
  [346 349 353]
  [346 350 356]
  [345 349 354]
  [346 349 354]
  [344 346 350]
  [344 348 351]
  [343 348 353]]

 [[354 359 363]
  [355 359 365]
  [355 359 365]
  [354 358 361]
  [354 358 365]
  [354 359 365]
  [357 360 365]
  [357 360 365]
  [352 359 365]
  [354 358 361]
  [354 358 362]
  [354 357 360]
  [355 358 363]
  [357 359 363]
  [353 359 363]
  [353 358 362]
  [356 361 365]
  [356 360 364]
  [356 360 364]
  [358 360 364]
  [358 360 364]
  [355 358 363]
  [354 358 361]
  [353 357 363]
  [353 357 360]
  [351 355 360]
  [352 358 362]
  [356 359 362]
  [355 360 364]
  [353 358 364]
  [349 358 364]
  [353 358 363]
  [353 357 360]
  [355 357 359]
  [355 358 362]
  [356 359 364]
  [357 360 363]
  [353 358 363]
  [352 356 361]
  [348 355 361]
  [348 354 360]
  [351 355 361]
  [353 357 362]
  [353 357 361]
  [352 356 362]
  [351 356 362]
  [353 356 360]
  [353 357 362]
  [353 359 364]
  [352 358 364]
  [352 354 359]
  [352 355 358]
  [354 356 360]
  [348 354 358]
  [346 354 361]
  [349 354 358]
  [350 354 357]
  [351 355 360]
  [347 351 357]
  [347 353 358]
  [346 353 357]
  [346 352 357]
  [352 357 365]
  [351 355 363]
  [351 355 357]
  [353 356 358]
  [351 355 359]
  [345 351 360]
  [346 351 356]
  [351 354 358]
  [352 355 359]
  [351 353 359]
  [350 353 358]
  [345 349 356]
  [346 351 355]
  [350 353 357]
  [348 350 355]
  [348 350 355]
  [347 350 357]
  [344 349 355]
  [346 350 353]
  [347 350 356]
  [345 349 356]
  [346 349 355]
  [344 348 352]
  [344 348 352]
  [345 348 352]]

 [[356 359 363]
  [357 360 366]
  [353 358 364]
  [354 358 362]
  [353 358 362]
  [354 359 363]
  [354 359 363]
  [356 360 365]
  [356 360 365]
  [355 358 364]
  [356 357 360]
  [353 357 360]
  [353 358 363]
  [353 358 363]
  [357 359 363]
  [355 359 363]
  [353 359 364]
  [354 359 363]
  [354 356 360]
  [352 359 369]
  [356 361 369]
  [356 359 363]
  [356 360 363]
  [355 358 361]
  [356 359 363]
  [355 358 363]
  [355 358 363]
  [356 359 363]
  [357 360 364]
  [356 359 362]
  [353 356 360]
  [351 356 361]
  [351 356 360]
  [354 356 360]
  [353 356 360]
  [356 358 365]
  [354 357 360]
  [353 356 360]
  [353 356 362]
  [351 357 365]
  [351 355 359]
  [353 357 361]
  [355 358 363]
  [353 357 361]
  [355 357 362]
  [356 358 362]
  [352 355 361]
  [352 358 363]
  [351 357 362]
  [353 358 363]
  [353 357 363]
  [350 354 358]
  [350 355 361]
  [350 353 359]
  [350 353 359]
  [352 356 363]
  [354 357 363]
  [352 357 363]
  [348 354 359]
  [348 352 358]
  [346 352 360]
  [346 352 357]
  [353 356 361]
  [351 355 362]
  [351 355 362]
  [351 354 357]
  [352 357 364]
  [350 354 360]
  [350 354 360]
  [350 352 358]
  [351 353 357]
  [350 353 357]
  [348 352 358]
  [347 351 357]
  [350 353 358]
  [347 352 357]
  [343 349 357]
  [349 352 357]
  [348 352 357]
  [347 350 355]
  [343 348 353]
  [343 348 352]
  [343 347 353]
  [347 350 355]
  [343 349 354]
  [346 348 354]
  [344 348 352]]

 [[354 359 366]
  [354 360 366]
  [352 357 363]
  [354 357 361]
  [353 358 363]
  [357 360 365]
  [357 360 365]
  [354 358 362]
  [354 358 363]
  [357 358 363]
  [356 359 366]
  [354 356 361]
  [353 357 363]
  [353 358 364]
  [357 361 365]
  [356 359 365]
  [356 360 366]
  [356 360 366]
  [356 358 361]
  [355 358 364]
  [355 359 364]
  [356 359 364]
  [355 358 362]
  [355 360 366]
  [355 359 363]
  [355 360 363]
  [354 359 363]
  [357 360 363]
  [354 359 363]
  [352 359 366]
  [354 358 364]
  [354 356 361]
  [357 358 362]
  [355 359 362]
  [353 358 362]
  [357 361 367]
  [352 357 364]
  [352 356 363]
  [354 359 365]
  [352 360 365]
  [353 357 363]
  [353 358 364]
  [357 360 365]
  [355 359 363]
  [352 355 361]
  [353 356 361]
  [350 355 364]
  [352 358 364]
  [352 356 361]
  [353 357 361]
  [353 356 361]
  [351 354 359]
  [354 357 364]
  [353 356 364]
  [350 354 359]
  [350 356 361]
  [353 355 361]
  [353 356 359]
  [351 355 360]
  [351 355 361]
  [346 353 361]
  [346 352 359]
  [350 355 359]
  [351 355 359]
  [350 353 358]
  [352 354 358]
  [346 352 358]
  [346 352 358]
  [350 353 358]
  [350 353 362]
  [351 356 362]
  [352 354 359]
  [347 353 357]
  [345 349 355]
  [347 352 357]
  [347 351 357]
  [343 349 354]
  [349 352 357]
  [349 354 361]
  [347 351 356]
  [347 350 356]
  [347 349 353]
  [347 349 353]
  [347 350 354]
  [343 349 354]
  [344 348 354]
  [344 346 350]]

 [[355 359 365]
  [355 360 365]
  [354 359 363]
  [354 357 360]
  [356 358 362]
  [356 359 363]
  [353 359 364]
  [354 359 364]
  [354 358 364]
  [355 358 363]
  [355 359 366]
  [352 357 361]
  [352 357 361]
  [356 359 363]
  [357 360 365]
  [356 360 366]
  [356 360 366]
  [355 359 366]
  [357 361 367]
  [358 360 367]
  [358 360 367]
  [356 358 363]
  [354 358 363]
  [352 357 364]
  [355 358 363]
  [351 358 364]
  [357 362 368]
  [353 360 368]
  [354 359 363]
  [354 359 362]
  [351 357 362]
  [351 355 360]
  [355 359 365]
  [356 361 366]
  [354 357 360]
  [356 359 363]
  [354 358 361]
  [355 358 363]
  [356 359 365]
  [356 359 365]
  [351 356 365]
  [353 358 365]
  [356 360 366]
  [353 358 366]
  [352 354 358]
  [353 356 361]
  [350 355 359]
  [353 358 364]
  [352 356 361]
  [351 357 363]
  [353 355 361]
  [351 356 360]
  [353 356 360]
  [353 355 359]
  [350 356 360]
  [351 358 362]
  [354 357 362]
  [350 355 361]
  [348 353 359]
  [351 355 359]
  [351 355 359]
  [351 354 359]
  [352 355 359]
  [351 355 359]
  [351 354 360]
  [351 354 360]
  [348 354 360]
  [348 354 361]
  [351 354 361]
  [349 353 358]
  [352 357 362]
  [348 353 359]
  [348 353 359]
  [347 352 356]
  [351 354 359]
  [347 353 359]
  [347 354 359]
  [349 353 359]
  [349 352 357]
  [348 352 356]
  [347 351 356]
  [345 348 353]
  [347 350 354]
  [344 350 357]
  [344 349 355]
  [347 350 353]
  [343 348 351]]

 [[356 359 363]
  [354 361 371]
  [351 358 365]
  [351 357 361]
  [356 359 364]
  [354 359 364]
  [353 361 367]
  [353 360 364]
  [353 358 367]
  [357 362 368]
  [357 360 366]
  [356 360 365]
  [353 359 366]
  [353 359 366]
  [356 362 369]
  [356 360 364]
  [357 359 362]
  [355 359 365]
  [355 360 367]
  [358 361 367]
  [351 359 367]
  [352 359 364]
  [357 359 364]
  [355 359 366]
  [355 360 365]
  [355 358 363]
  [353 360 368]
  [354 361 368]
  [355 360 363]
  [355 358 361]
  [351 358 365]
  [351 357 362]
  [359 361 364]
  [356 360 364]
  [354 359 365]
  [354 359 367]
  [354 360 363]
  [356 358 363]
  [356 358 363]
  [355 358 364]
  [354 358 365]
  [356 359 365]
  [351 359 366]
  [351 358 366]
  [354 358 364]
  [354 359 364]
  [356 359 364]
  [357 360 364]
  [354 358 362]
  [351 357 363]
  [353 357 361]
  [354 356 361]
  [352 356 364]
  [353 357 364]
  [348 354 359]
  [348 355 362]
  [353 357 362]
  [351 356 363]
  [348 354 359]
  [354 357 361]
  [354 358 363]
  [352 356 361]
  [352 356 361]
  [351 355 360]
  [346 353 360]
  [349 354 362]
  [349 355 362]
  [346 353 359]
  [351 356 361]
  [353 355 359]
  [351 355 362]
  [349 354 360]
  [350 355 360]
  [350 354 359]
  [352 356 362]
  [348 354 362]
  [352 354 358]
  [349 353 358]
  [349 352 357]
  [352 353 356]
  [350 354 360]
  [345 348 354]
  [344 348 354]
  [345 348 354]
  [347 350 353]
  [347 351 355]
  [341 347 352]]

 [[354 358 363]
  [358 362 371]
  [355 360 365]
  [354 358 362]
  [357 360 365]
  [358 362 366]
  [354 361 366]
  [354 360 367]
  [352 358 364]
  [357 360 363]
  [355 358 361]
  [354 357 362]
  [354 359 366]
  [355 360 366]
  [356 360 367]
  [356 361 366]
  [356 361 366]
  [355 358 363]
  [351 357 363]
  [356 359 363]
  [351 358 362]
  [352 358 364]
  [352 358 364]
  [354 359 366]
  [357 360 364]
  [356 361 366]
  [353 361 369]
  [354 361 369]
  [356 359 366]
  [357 358 360]
  [356 359 365]
  [356 359 364]
  [357 360 364]
  [353 359 364]
  [354 359 364]
  [354 357 363]
  [354 357 362]
  [356 359 364]
  [356 359 363]
  [356 361 367]
  [355 359 364]
  [356 359 362]
  [353 357 362]
  [354 360 366]
  [354 359 366]
  [354 357 361]
  [354 356 362]
  [355 358 363]
  [355 358 362]
  [354 358 362]
  [353 358 364]
  [353 356 359]
  [354 357 364]
  [356 359 364]
  [353 357 362]
  [350 355 361]
  [354 357 361]
  [352 357 362]
  [352 355 360]
  [353 356 360]
  [352 355 358]
  [347 353 356]
  [352 356 361]
  [352 355 359]
  [348 353 358]
  [351 355 360]
  [348 356 363]
  [347 353 360]
  [350 353 358]
  [347 353 359]
  [352 357 364]
  [350 355 361]
  [350 353 359]
  [349 352 356]
  [349 354 362]
  [349 354 362]
  [349 351 355]
  [349 351 356]
  [347 351 357]
  [347 351 356]
  [348 352 356]
  [345 349 355]
  [345 348 353]
  [347 351 357]
  [346 350 356]
  [344 349 353]
  [341 348 353]]

 [[356 361 365]
  [358 362 365]
  [357 361 368]
  [354 357 362]
  [357 361 366]
  [355 359 366]
  [354 359 365]
  [354 359 365]
  [352 359 365]
  [358 362 366]
  [355 360 366]
  [354 359 362]
  [354 360 364]
  [356 360 366]
  [354 362 368]
  [359 363 369]
  [356 362 369]
  [355 361 367]
  [355 359 367]
  [357 359 362]
  [357 360 363]
  [359 361 365]
  [358 361 365]
  [357 361 365]
  [357 359 366]
  [356 360 364]
  [358 362 369]
  [359 362 369]
  [358 362 366]
  [355 358 364]
  [356 359 364]
  [356 360 366]
  [354 358 362]
  [352 357 362]
  [354 359 363]
  [357 360 365]
  [356 359 364]
  [356 359 364]
  [356 359 363]
  [356 360 364]
  [356 358 364]
  [356 358 362]
  [354 359 363]
  [358 360 364]
  [352 358 364]
  [355 358 363]
  [355 357 362]
  [355 360 365]
  [357 361 364]
  [357 359 364]
  [354 358 362]
  [351 355 360]
  [353 355 359]
  [352 357 363]
  [354 359 362]
  [350 355 361]
  [354 357 361]
  [354 357 362]
  [354 357 362]
  [349 355 362]
  [351 355 360]
  [352 356 362]
  [354 359 363]
  [355 359 366]
  [352 355 358]
  [354 357 361]
  [348 353 361]
  [347 351 355]
  [350 354 360]
  [352 355 359]
  [352 357 361]
  [351 356 361]
  [350 355 361]
  [349 353 360]
  [350 355 363]
  [350 355 362]
  [346 351 356]
  [346 352 361]
  [347 353 358]
  [350 354 358]
  [348 353 356]
  [346 352 360]
  [347 351 360]
  [346 350 357]
  [346 349 355]
  [345 349 353]
  [348 352 356]]

 [[358 360 366]
  [358 360 365]
  [355 359 364]
  [356 359 362]
  [356 360 366]
  [356 359 366]
  [354 358 365]
  [354 360 365]
  [358 361 365]
  [354 361 365]
  [354 359 363]
  [355 359 365]
  [355 359 362]
  [359 362 366]
  [361 362 366]
  [358 362 366]
  [358 362 366]
  [358 361 365]
  [357 359 363]
  [358 361 368]
  [357 360 367]
  [358 361 365]
  [358 361 364]
  [358 363 368]
  [357 362 368]
  [357 360 364]
  [356 360 365]
  [356 361 365]
  [359 362 365]
  [354 359 363]
  [356 361 366]
  [356 360 365]
  [355 359 363]
  [359 361 366]
  [355 359 366]
  [355 359 362]
  [353 358 363]
  [354 358 361]
  [356 359 364]
  [356 360 365]
  [356 358 362]
  [355 359 363]
  [353 358 365]
  [353 359 364]
  [355 359 364]
  [354 357 362]
  [356 357 360]
  [356 358 362]
  [356 359 364]
  [355 358 364]
  [354 357 361]
  [352 354 360]
  [355 357 364]
  [352 356 360]
  [352 358 363]
  [354 358 363]
  [354 358 363]
  [354 358 363]
  [353 358 363]
  [353 357 362]
  [352 356 360]
  [351 355 360]
  [351 357 361]
  [351 356 362]
  [353 356 361]
  [351 358 363]
  [353 356 361]
  [350 353 358]
  [350 355 360]
  [351 353 358]
  [351 354 360]
  [352 357 361]
  [349 356 361]
  [349 354 360]
  [352 355 363]
  [350 355 361]
  [346 352 361]
  [346 354 361]
  [350 355 361]
  [352 355 359]
  [352 355 362]
  [346 352 357]
  [349 352 357]
  [347 351 356]
  [347 350 354]
  [348 351 355]
  [348 351 356]]

 [[357 360 366]
  [357 360 365]
  [357 360 365]
  [357 359 363]
  [357 361 368]
  [355 358 363]
  [356 360 366]
  [356 360 365]
  [356 360 364]
  [355 360 364]
  [352 358 363]
  [355 359 364]
  [356 361 364]
  [360 363 366]
  [360 362 366]
  [357 360 364]
  [355 359 363]
  [356 361 366]
  [355 359 363]
  [355 360 365]
  [357 361 366]
  [360 362 365]
  [360 361 363]
  [360 362 366]
  [356 360 365]
  [357 359 363]
  [357 360 365]
  [359 362 365]
  [358 361 364]
  [358 361 366]
  [356 361 366]
  [352 358 363]
  [352 357 363]
  [356 360 365]
  [355 358 365]
  [355 361 370]
  [360 363 370]
  [357 360 366]
  [357 361 365]
  [358 361 365]
  [355 359 364]
  [355 361 368]
  [355 363 368]
  [358 361 365]
  [355 358 363]
  [355 359 363]
  [357 360 363]
  [356 360 365]
  [352 357 362]
  [354 359 364]
  [351 355 360]
  [352 354 357]
  [354 357 361]
  [353 357 360]
  [353 357 362]
  [356 358 363]
  [351 357 363]
  [347 354 360]
  [351 358 363]
  [350 357 362]
  [351 356 360]
  [353 357 361]
  [354 358 363]
  [352 356 362]
  [352 356 359]
  [355 358 363]
  [352 357 364]
  [350 355 360]
  [352 355 360]
  [351 353 358]
  [352 357 362]
  [356 358 361]
  [353 355 359]
  [348 353 357]
  [351 355 362]
  [350 354 361]
  [350 353 359]
  [349 353 359]
  [349 352 359]
  [348 352 356]
  [348 352 358]
  [348 352 356]
  [350 353 356]
  [349 354 359]
  [346 349 355]
  [345 350 355]
  [347 351 355]]

 [[357 360 364]
  [358 362 368]
  [357 361 368]
  [355 359 364]
  [358 362 367]
  [355 361 367]
  [356 359 363]
  [358 362 369]
  [357 361 369]
  [357 361 365]
  [357 361 368]
  [357 361 368]
  [356 360 365]
  [358 361 365]
  [358 361 363]
  [357 360 363]
  [355 361 364]
  [359 360 363]
  [356 360 365]
  [358 362 365]
  [358 361 366]
  [360 363 368]
  [357 362 368]
  [357 360 365]
  [356 361 366]
  [355 361 364]
  [359 362 367]
  [359 362 366]
  [356 361 366]
  [356 360 364]
  [357 361 365]
  [359 361 366]
  [357 361 366]
  [357 361 364]
  [358 361 364]
  [358 361 366]
  [356 360 366]
  [356 360 366]
  [355 359 362]
  [355 359 362]
  [355 358 362]
  [355 360 364]
  [351 359 364]
  [351 358 364]
  [354 359 366]
  [354 358 365]
  [355 359 365]
  [355 359 363]
  [354 359 365]
  [354 358 365]
  [354 357 365]
  [353 356 360]
  [354 358 362]
  [354 358 364]
  [357 360 366]
  [355 359 363]
  [353 360 366]
  [347 357 363]
  [351 356 362]
  [350 354 359]
  [351 356 361]
  [348 355 361]
  [355 359 364]
  [354 358 365]
  [354 356 359]
  [354 357 362]
  [348 356 362]
  [348 357 362]
  [352 356 362]
  [352 354 357]
  [352 355 359]
  [350 355 360]
  [351 354 359]
  [348 353 359]
  [350 352 356]
  [350 353 357]
  [352 355 359]
  [350 354 361]
  [350 354 361]
  [348 352 357]
  [348 350 354]
  [349 351 355]
  [349 351 356]
  [347 350 356]
  [347 350 355]
  [345 348 353]
  [345 348 352]]

 [[357 362 370]
  [360 363 370]
  [358 361 366]
  [356 360 364]
  [358 362 368]
  [355 360 364]
  [355 360 363]
  [359 363 369]
  [354 359 369]
  [359 363 368]
  [357 362 366]
  [357 361 364]
  [357 361 365]
  [358 362 367]
  [355 359 364]
  [355 361 366]
  [357 362 367]
  [357 360 367]
  [358 361 366]
  [359 361 364]
  [359 362 366]
  [360 363 370]
  [360 362 366]
  [358 361 367]
  [357 362 367]
  [360 362 365]
  [360 362 365]
  [354 360 365]
  [356 359 363]
  [356 359 365]
  [358 361 365]
  [359 362 366]
  [359 363 370]
  [358 362 370]
  [361 364 369]
  [360 363 369]
  [357 361 369]
  [356 361 365]
  [355 360 363]
  [358 361 366]
  [357 360 367]
  [357 361 367]
  [357 360 365]
  [352 359 364]
  [356 360 364]
  [356 359 364]
  [355 358 364]
  [355 359 365]
  [356 359 363]
  [355 359 365]
  [351 357 361]
  [351 356 362]
  [354 358 363]
  [354 360 367]
  [354 360 367]
  [352 357 363]
  [352 358 366]
  [357 360 364]
  [351 357 363]
  [351 355 359]
  [351 354 358]
  [352 356 360]
  [354 356 361]
  [355 358 363]
  [355 357 362]
  [354 357 362]
  [348 355 361]
  [348 354 360]
  [357 358 363]
  [354 357 360]
  [354 357 363]
  [350 357 363]
  [351 355 361]
  [348 353 360]
  [349 353 359]
  [350 354 359]
  [353 355 357]
  [352 356 359]
  [351 355 359]
  [351 354 356]
  [349 352 356]
  [349 351 356]
  [347 350 356]
  [347 349 355]
  [347 350 356]
  [348 352 357]
  [347 351 357]]

 [[360 362 367]
  [360 361 363]
  [356 360 368]
  [358 361 368]
  [354 359 366]
  [354 359 364]
  [357 363 366]
  [360 362 365]
  [357 360 364]
  [360 362 366]
  [358 363 366]
  [358 361 367]
  [358 362 370]
  [357 361 366]
  [355 360 366]
  [355 363 368]
  [359 363 368]
  [356 361 367]
  [354 360 367]
  [359 362 368]
  [359 363 368]
  [358 361 365]
  [356 360 365]
  [356 361 366]
  [357 362 370]
  [358 362 370]
  [359 361 365]
  [354 361 365]
  [357 363 368]
  [354 359 365]
  [356 360 364]
  [356 361 365]
  [356 360 363]
  [356 360 366]
  [360 364 369]
  [360 363 368]
  [359 363 368]
  [359 363 367]
  [357 360 363]
  [359 361 365]
  [357 360 367]
  [357 361 367]
  [357 361 365]
  [359 361 366]
  [358 361 366]
  [353 359 366]
  [353 358 366]
  [357 361 366]
  [355 358 364]
  [355 359 364]
  [351 359 364]
  [351 357 362]
  [356 359 363]
  [357 359 364]
  [356 360 364]
  [356 359 363]
  [352 357 362]
  [354 359 364]
  [352 358 364]
  [351 356 362]
  [351 358 365]
  [357 359 365]
  [354 358 364]
  [355 358 364]
  [352 356 360]
  [353 357 361]
  [348 354 360]
  [348 352 360]
  [350 356 361]
  [350 357 362]
  [353 358 362]
  [355 358 364]
  [350 357 362]
  [353 356 360]
  [347 354 359]
  [347 353 359]
  [351 354 357]
  [348 353 358]
  [350 353 356]
  [351 353 358]
  [348 352 357]
  [345 349 353]
  [346 350 353]
  [347 350 355]
  [347 352 356]
  [348 352 356]
  [349 351 356]]

 [[359 363 367]
  [360 363 367]
  [359 362 368]
  [355 361 368]
  [356 361 367]
  [357 362 367]
  [360 362 365]
  [360 363 367]
  [360 363 367]
  [360 363 367]
  [355 362 366]
  [352 358 366]
  [354 360 366]
  [356 360 369]
  [356 364 371]
  [360 364 369]
  [358 364 369]
  [358 361 365]
  [358 362 366]
  [357 363 367]
  [360 364 370]
  [358 364 369]
  [359 361 365]
  [360 363 367]
  [362 366 370]
  [362 366 370]
  [359 363 369]
  [358 362 368]
  [358 361 366]
  [357 363 371]
  [356 362 371]
  [358 362 366]
  [357 361 366]
  [357 360 363]
  [353 360 365]
  [360 363 367]
  [362 364 370]
  [358 363 369]
  [356 359 363]
  [358 362 365]
  [358 362 366]
  [359 362 365]
  [357 360 365]
  [360 363 367]
  [359 361 366]
  [356 360 364]
  [353 361 364]
  [357 361 364]
  [357 362 370]
  [358 361 370]
  [355 360 365]
  [353 359 364]
  [356 361 366]
  [355 360 365]
  [357 360 364]
  [355 358 361]
  [355 358 364]
  [354 358 364]
  [356 358 364]
  [352 358 362]
  [351 357 362]
  [355 358 365]
  [354 359 365]
  [356 360 365]
  [354 358 364]
  [356 358 363]
  [350 357 363]
  [350 354 360]
  [349 355 362]
  [349 354 361]
  [352 356 361]
  [355 356 359]
  [347 356 360]
  [343 353 361]
  [351 356 363]
  [351 355 363]
  [350 353 357]
  [348 352 355]
  [350 352 355]
  [347 351 355]
  [349 353 358]
  [345 350 356]
  [345 352 358]
  [351 354 359]
  [351 354 359]
  [347 351 359]
  [347 350 355]]

 [[356 360 367]
  [358 362 367]
  [359 363 371]
  [356 361 371]
  [356 360 365]
  [359 362 365]
  [360 363 367]
  [360 364 368]
  [359 363 368]
  [357 364 368]
  [356 362 369]
  [357 362 369]
  [358 362 366]
  [356 361 366]
  [356 362 368]
  [359 363 369]
  [358 364 369]
  [358 361 365]
  [359 361 365]
  [357 360 365]
  [359 362 368]
  [360 365 370]
  [356 361 365]
  [358 363 369]
  [360 364 369]
  [357 362 369]
  [359 364 369]
  [359 363 369]
  [360 362 367]
  [359 363 369]
  [361 365 369]
  [359 363 370]
  [358 362 370]
  [355 358 363]
  [353 359 365]
  [358 362 367]
  [357 361 367]
  [358 363 367]
  [356 362 366]
  [358 362 365]
  [359 361 365]
  [356 360 364]
  [357 361 365]
  [358 361 365]
  [357 360 364]
  [356 360 364]
  [355 359 364]
  [356 361 365]
  [357 361 368]
  [358 361 368]
  [355 359 364]
  [357 359 364]
  [356 358 363]
  [356 360 366]
  [356 360 366]
  [357 359 363]
  [355 358 362]
  [354 356 359]
  [355 357 361]
  [355 358 360]
  [353 357 360]
  [353 357 363]
  [353 358 364]
  [355 358 361]
  [355 357 360]
  [356 359 363]
  [350 357 363]
  [350 354 361]
  [349 354 359]
  [349 355 362]
  [352 357 365]
  [354 358 365]
  [353 356 363]
  [350 357 363]
  [353 357 360]
  [353 356 359]
  [350 355 359]
  [350 355 360]
  [352 354 357]
  [349 354 357]
  [352 354 359]
  [347 352 358]
  [345 352 357]
  [350 354 357]
  [346 352 359]
  [346 350 357]
  [347 350 356]]

 [[355 361 368]
  [361 364 368]
  [357 362 368]
  [357 361 365]
  [358 362 366]
  [359 363 368]
  [356 362 368]
  [356 362 366]
  [359 363 368]
  [357 363 368]
  [356 360 365]
  [360 362 365]
  [361 363 366]
  [358 361 367]
  [356 363 369]
  [358 362 368]
  [358 361 365]
  [357 361 364]
  [355 361 367]
  [360 363 369]
  [361 364 371]
  [358 362 365]
  [360 364 367]
  [360 363 365]
  [360 363 367]
  [359 363 366]
  [359 363 367]
  [359 362 368]
  [357 361 365]
  [359 362 366]
  [359 364 367]
  [358 363 370]
  [355 363 368]
  [356 362 368]
  [353 361 368]
  [358 363 368]
  [358 361 365]
  [357 361 367]
  [360 363 366]
  [359 362 365]
  [360 361 364]
  [356 359 364]
  [358 360 365]
  [355 359 365]
  [353 358 364]
  [354 358 362]
  [356 359 365]
  [352 358 365]
  [352 359 363]
  [356 360 365]
  [353 359 365]
  [353 360 365]
  [354 359 365]
  [357 360 365]
  [353 360 366]
  [352 357 361]
  [353 359 365]
  [353 357 363]
  [356 360 366]
  [356 360 367]
  [357 360 364]
  [355 359 363]
  [354 359 364]
  [351 354 359]
  [349 355 359]
  [354 359 365]
  [354 359 365]
  [350 355 360]
  [349 353 360]
  [350 356 364]
  [354 358 364]
  [354 357 360]
  [352 358 364]
  [352 356 361]
  [353 357 363]
  [353 356 360]
  [351 355 360]
  [349 354 360]
  [350 353 357]
  [352 353 357]
  [350 353 358]
  [349 353 358]
  [348 352 356]
  [349 352 357]
  [345 352 357]
  [345 350 357]
  [343 349 353]]

 [[359 363 368]
  [361 364 367]
  [358 363 367]
  [355 361 370]
  [355 362 370]
  [357 360 365]
  [360 361 365]
  [361 363 368]
  [359 365 374]
  [362 364 368]
  [360 364 368]
  [357 362 367]
  [357 362 370]
  [360 363 368]
  [362 366 371]
  [359 364 368]
  [359 363 367]
  [357 363 369]
  [357 362 370]
  [357 364 370]
  [362 364 368]
  [358 363 369]
  [360 364 369]
  [360 362 366]
  [361 364 368]
  [361 364 369]
  [359 365 370]
  [360 364 368]
  [355 362 368]
  [359 363 368]
  [361 364 368]
  [358 363 370]
  [359 364 368]
  [359 362 368]
  [359 362 368]
  [359 363 368]
  [359 363 367]
  [355 360 366]
  [356 361 366]
  [359 363 366]
  [358 361 367]
  [358 362 367]
  [358 361 364]
  [357 360 366]
  [355 360 366]
  [352 359 364]
  [358 359 363]
  [358 359 363]
  [357 361 371]
  [357 361 371]
  [353 358 364]
  [353 359 364]
  [356 358 365]
  [357 362 366]
  [356 362 367]
  [352 359 367]
  [354 361 367]
  [354 360 367]
  [357 360 366]
  [357 360 363]
  [357 361 366]
  [356 358 361]
  [355 358 362]
  [355 360 364]
  [354 358 366]
  [354 359 366]
  [355 359 362]
  [353 357 362]
  [350 356 362]
  [350 356 360]
  [355 358 362]
  [351 356 361]
  [354 360 369]
  [354 357 363]
  [354 358 363]
  [349 355 359]
  [349 353 359]
  [349 355 361]
  [352 354 360]
  [352 354 357]
  [346 353 358]
  [346 353 360]
  [348 353 360]
  [347 351 355]
  [347 352 358]
  [349 352 356]
  [345 350 355]]

 [[358 362 367]
  [357 363 367]
  [356 360 363]
  [360 362 368]
  [360 364 368]
  [358 361 367]
  [359 361 367]
  [360 363 369]
  [357 361 366]
  [357 360 365]
  [356 362 368]
  [356 362 369]
  [360 362 366]
  [360 363 366]
  [358 362 368]
  [359 362 369]
  [360 363 368]
  [362 365 369]
  [361 364 370]
  [361 364 370]
  [362 365 372]
  [357 363 372]
  [359 362 366]
  [358 362 367]
  [359 364 372]
  [361 364 370]
  [357 361 366]
  [357 362 370]
  [359 363 370]
  [359 363 367]
  [360 364 369]
  [358 361 366]
  [358 362 366]
  [360 362 367]
  [360 364 369]
  [360 365 370]
  [360 364 369]
  [356 360 366]
  [356 361 365]
  [357 360 364]
  [357 360 363]
  [357 361 367]
  [359 361 365]
  [358 360 363]
  [359 362 366]
  [356 361 367]
  [356 359 365]
  [358 361 368]
  [359 364 371]
  [360 364 371]
  [357 361 364]
  [355 359 363]
  [356 360 365]
  [359 361 365]
  [356 360 365]
  [356 359 365]
  [352 358 364]
  [354 358 363]
  [357 359 363]
  [353 357 362]
  [353 358 364]
  [353 358 363]
  [357 360 364]
  [353 357 364]
  [353 357 363]
  [354 360 365]
  [353 359 363]
  [353 357 361]
  [354 357 360]
  [353 356 361]
  [355 359 364]
  [352 356 362]
  [352 359 365]
  [354 357 362]
  [354 356 359]
  [348 355 364]
  [348 352 358]
  [350 353 360]
  [349 356 362]
  [346 353 359]
  [348 353 358]
  [350 354 359]
  [350 354 360]
  [347 353 360]
  [347 351 357]
  [349 352 357]
  [348 350 358]]

 [[356 361 366]
  [356 363 372]
  [356 361 368]
  [355 361 366]
  [355 361 366]
  [357 362 366]
  [358 363 367]
  [359 365 369]
  [359 363 369]
  [358 360 367]
  [359 363 369]
  [359 363 369]
  [358 362 365]
  [358 361 368]
  [358 363 368]
  [357 362 367]
  [360 365 368]
  [360 363 367]
  [358 362 368]
  [361 365 368]
  [360 365 372]
  [360 365 372]
  [361 363 368]
  [361 364 370]
  [359 364 370]
  [355 362 370]
  [357 362 367]
  [355 362 368]
  [358 364 367]
  [358 362 366]
  [358 363 369]
  [359 363 368]
  [358 360 364]
  [356 360 366]
  [357 363 369]
  [360 364 368]
  [359 363 367]
  [356 360 365]
  [357 362 365]
  [359 362 367]
  [357 361 366]
  [360 362 364]
  [359 362 365]
  [359 362 366]
  [362 364 367]
  [357 361 367]
  [357 361 363]
  [360 363 367]
  [358 362 368]
  [358 363 369]
  [357 360 367]
  [357 362 367]
  [357 362 367]
  [352 359 364]
  [354 357 362]
  [354 359 364]
  [357 361 365]
  [356 359 362]
  [353 356 361]
  [354 359 367]
  [353 358 362]
  [353 357 364]
  [354 360 364]
  [354 361 366]
  [355 358 363]
  [356 358 362]
  [350 355 360]
  [350 355 360]
  [352 357 362]
  [352 356 363]
  [356 359 364]
  [353 357 363]
  [355 357 362]
  [351 356 361]
  [352 356 360]
  [353 358 365]
  [347 353 358]
  [348 354 358]
  [349 353 359]
  [346 353 361]
  [348 354 357]
  [349 352 356]
  [350 354 360]
  [351 354 360]
  [351 353 357]
  [350 353 357]
  [352 355 360]]

 [[356 362 370]
  [360 365 372]
  [361 364 368]
  [358 363 367]
  [358 363 369]
  [361 363 366]
  [358 362 366]
  [358 364 368]
  [357 362 370]
  [357 360 365]
  [360 364 368]
  [357 362 368]
  [357 362 367]
  [361 363 367]
  [355 361 365]
  [355 362 366]
  [361 365 371]
  [360 364 370]
  [358 361 366]
  [361 366 371]
  [360 366 372]
  [360 363 367]
  [358 362 366]
  [360 363 366]
  [361 365 369]
  [357 363 369]
  [358 362 366]
  [359 364 370]
  [358 365 370]
  [357 362 366]
  [359 363 366]
  [360 364 368]
  [358 362 368]
  [356 361 366]
  [360 364 369]
  [360 363 367]
  [359 363 368]
  [359 362 365]
  [361 363 367]
  [361 364 368]
  [357 362 369]
  [360 363 367]
  [359 362 365]
  [356 360 366]
  [359 365 368]
  [357 362 368]
  [354 358 362]
  [357 364 370]
  [358 361 368]
  [358 361 365]
  [353 359 363]
  [353 360 368]
  [358 361 368]
  [356 360 363]
  [356 360 365]
  [355 361 365]
  [356 361 365]
  [356 360 367]
  [354 359 363]
  [350 356 361]
  [354 358 366]
  [355 358 361]
  [354 358 361]
  [354 358 364]
  [351 357 364]
  [354 359 365]
  [354 358 365]
  [354 356 360]
  [356 358 362]
  [353 356 359]
  [352 358 363]
  [351 357 363]
  [357 358 361]
  [355 357 360]
  [354 359 367]
  [353 357 362]
  [349 353 360]
  [349 353 358]
  [351 354 357]
  [351 355 360]
  [353 356 360]
  [350 354 359]
  [350 355 359]
  [352 356 359]
  [352 354 358]
  [351 353 358]
  [353 355 358]]

 [[359 363 368]
  [358 364 370]
  [356 361 366]
  [359 362 367]
  [359 363 369]
  [359 363 369]
  [358 361 369]
  [358 362 367]
  [359 362 367]
  [359 362 366]
  [361 364 368]
  [357 361 366]
  [357 363 368]
  [360 363 368]
  [359 362 366]
  [360 364 370]
  [359 364 370]
  [361 365 368]
  [363 365 368]
  [360 366 371]
  [359 364 371]
  [359 363 373]
  [360 365 373]
  [361 365 371]
  [362 364 369]
  [361 364 369]
  [361 364 369]
  [359 364 369]
  [360 365 369]
  [362 364 367]
  [362 364 368]
  [361 363 366]
  [359 361 365]
  [359 363 368]
  [363 365 370]
  [359 362 370]
  [361 363 368]
  [361 364 366]
  [358 362 367]
  [360 364 369]
  [360 364 369]
  [362 364 369]
  [361 363 369]
  [360 362 365]
  [358 362 367]
  [359 362 367]
  [354 361 368]
  [356 360 368]
  [358 361 367]
  [358 363 368]
  [360 362 366]
  [358 360 364]
  [358 360 364]
  [358 360 368]
  [354 361 369]
  [354 358 365]
  [354 359 365]
  [354 358 364]
  [358 360 362]
  [357 360 362]
  [354 360 364]
  [355 359 363]
  [356 360 365]
  [355 359 365]
  [351 356 360]
  [354 359 364]
  [354 360 364]
  [354 357 360]
  [355 358 361]
  [349 355 360]
  [353 356 363]
  [354 356 363]
  [354 358 362]
  [353 356 360]
  [353 357 367]
  [353 357 360]
  [350 356 361]
  [349 353 357]
  [350 354 360]
  [350 356 360]
  [353 356 361]
  [352 355 358]
  [353 356 360]
  [353 357 360]
  [351 355 359]
  [350 353 359]
  [350 355 360]]

 [[362 365 372]
  [358 363 372]
  [356 362 368]
  [359 361 365]
  [356 362 369]
  [360 365 369]
  [358 361 366]
  [358 362 367]
  [358 363 367]
  [361 364 372]
  [361 365 372]
  [357 363 367]
  [361 364 367]
  [361 363 367]
  [359 363 367]
  [358 363 369]
  [357 363 368]
  [357 363 368]
  [359 363 367]
  [359 363 367]
  [361 365 372]
  [358 364 372]
  [358 362 373]
  [361 365 370]
  [361 364 370]
  [360 364 369]
  [364 366 370]
  [360 364 369]
  [361 364 369]
  [360 364 367]
  [357 362 367]
  [359 362 366]
  [359 362 369]
  [360 362 367]
  [360 364 370]
  [360 364 370]
  [359 363 369]
  [358 362 370]
  [362 364 370]
  [361 364 368]
  [357 360 365]
  [358 362 368]
  [360 362 368]
  [359 362 365]
  [358 361 365]
  [358 361 366]
  [360 365 369]
  [358 363 369]
  [357 360 366]
  [357 361 366]
  [357 361 365]
  [358 361 366]
  [359 362 367]
  [359 362 368]
  [357 363 369]
  [355 359 365]
  [359 362 366]
  [356 361 364]
  [353 358 361]
  [355 359 365]
  [356 361 367]
  [355 358 360]
  [353 357 361]
  [354 357 361]
  [354 357 360]
  [350 357 364]
  [353 360 364]
  [357 358 360]
  [356 358 360]
  [354 358 362]
  [355 358 362]
  [353 357 361]
  [353 357 362]
  [355 357 363]
  [355 359 364]
  [353 357 364]
  [352 355 361]
  [352 355 359]
  [353 357 363]
  [353 358 361]
  [354 357 360]
  [353 356 360]
  [351 355 359]
  [354 356 360]
  [352 356 360]
  [349 354 360]
  [349 355 359]]

 [[356 363 372]
  [357 365 372]
  [357 363 369]
  [358 361 369]
  [358 362 366]
  [360 362 368]
  [359 362 367]
  [360 364 369]
  [359 362 367]
  [359 362 368]
  [359 363 369]
  [359 363 365]
  [360 364 369]
  [359 362 368]
  [361 363 367]
  [359 363 369]
  [357 363 368]
  [357 363 370]
  [362 365 369]
  [361 364 367]
  [361 364 368]
  [361 365 371]
  [361 363 368]
  [361 364 368]
  [361 364 367]
  [356 361 366]
  [357 362 367]
  [360 365 374]
  [362 365 374]
  [361 365 368]
  [358 363 372]
  [355 361 366]
  [355 364 371]
  [362 365 371]
  [362 366 373]
  [363 366 370]
  [357 363 370]
  [357 362 367]
  [357 363 367]
  [361 365 371]
  [357 362 371]
  [358 362 365]
  [361 364 368]
  [355 362 370]
  [355 359 367]
  [358 360 364]
  [358 362 366]
  [359 363 368]
  [356 361 367]
  [358 361 366]
  [358 361 365]
  [359 361 365]
  [359 362 367]
  [357 362 367]
  [357 361 365]
  [357 359 363]
  [356 361 365]
  [356 360 365]
  [355 360 367]
  [356 362 367]
  [356 362 367]
  [355 359 366]
  [358 360 363]
  [354 358 362]
  [356 358 362]
  [350 359 365]
  [353 357 365]
  [354 358 363]
  [351 356 360]
  [353 359 363]
  [355 360 365]
  [351 356 363]
  [354 357 362]
  [354 356 360]
  [353 356 361]
  [354 358 364]
  [350 355 361]
  [352 355 361]
  [351 355 360]
  [353 357 363]
  [349 354 360]
  [351 354 360]
  [351 355 361]
  [351 355 358]
  [352 354 358]
  [349 352 358]
  [346 350 357]]

 [[360 362 369]
  [360 365 370]
  [360 363 367]
  [358 362 368]
  [358 362 365]
  [359 361 365]
  [361 364 368]
  [356 362 367]
  [356 364 368]
  [361 364 369]
  [359 364 368]
  [356 362 368]
  [360 363 368]
  [360 362 367]
  [358 361 366]
  [358 363 370]
  [361 365 370]
  [361 365 369]
  [359 362 366]
  [361 364 369]
  [358 365 370]
  [362 364 368]
  [361 364 368]
  [362 365 371]
  [361 364 367]
  [356 361 366]
  [360 363 367]
  [360 364 370]
  [360 366 371]
  [358 363 367]
  [359 364 372]
  [359 363 369]
  [362 365 371]
  [361 365 371]
  [361 365 368]
  [364 366 368]
  [360 364 368]
  [356 362 367]
  [356 361 367]
  [361 365 371]
  [358 363 370]
  [360 363 367]
  [361 363 368]
  [355 362 366]
  [358 363 367]
  [358 361 366]
  [356 360 364]
  [358 361 366]
  [359 363 368]
  [359 362 366]
  [352 362 367]
  [352 359 365]
  [358 361 365]
  [358 363 368]
  [356 361 368]
  [358 361 367]
  [358 362 368]
  [358 362 367]
  [359 362 365]
  [358 363 367]
  [358 361 367]
  [356 360 366]
  [356 359 364]
  [357 359 362]
  [356 358 363]
  [359 361 365]
  [359 361 366]
  [357 359 363]
  [352 356 360]
  [352 356 361]
  [356 360 362]
  [355 358 362]
  [353 357 362]
  [350 354 360]
  [352 356 366]
  [352 357 366]
  [351 355 361]
  [351 356 362]
  [350 357 361]
  [350 353 357]
  [352 355 360]
  [352 356 360]
  [352 355 361]
  [352 355 357]
  [350 355 361]
  [351 356 361]
  [349 352 357]]

 [[359 362 369]
  [360 365 371]
  [360 363 369]
  [358 361 367]
  [359 363 370]
  [359 363 369]
  [359 364 368]
  [359 364 368]
  [362 365 368]
  [360 364 368]
  [361 364 369]
  [358 362 367]
  [360 364 370]
  [360 365 370]
  [358 365 370]
  [358 365 371]
  [361 365 371]
  [361 365 373]
  [359 364 371]
  [363 366 371]
  [363 366 374]
  [362 365 374]
  [357 361 366]
  [357 364 369]
  [354 362 370]
  [359 363 367]
  [361 364 368]
  [360 364 367]
  [360 363 368]
  [358 363 368]
  [359 363 370]
  [359 364 370]
  [362 364 370]
  [359 361 365]
  [358 362 366]
  [361 365 369]
  [361 365 369]
  [356 362 365]
  [356 362 367]
  [360 363 367]
  [360 362 367]
  [360 363 367]
  [360 361 366]
  [361 362 367]
  [361 364 369]
  [361 364 369]
  [359 363 367]
  [360 363 367]
  [359 362 367]
  [361 364 369]
  [352 361 368]
  [352 359 363]
  [358 361 364]
  [357 362 368]
  [355 359 368]
  [358 360 363]
  [358 359 363]
  [358 362 367]
  [355 362 367]
  [353 358 363]
  [356 361 367]
  [356 361 367]
  [356 360 365]
  [357 360 364]
  [356 359 364]
  [357 361 365]
  [351 359 366]
  [359 361 365]
  [353 358 363]
  [353 357 363]
  [359 361 366]
  [355 359 366]
  [349 356 364]
  [349 355 361]
  [357 360 366]
  [353 357 366]
  [351 356 360]
  [351 359 365]
  [350 358 365]
  [350 355 361]
  [352 356 362]
  [346 356 363]
  [346 354 360]
  [351 355 358]
  [349 354 360]
  [346 352 357]
  [352 355 360]]

 [[361 365 369]
  [361 363 368]
  [359 363 368]
  [359 365 371]
  [361 365 370]
  [362 364 368]
  [361 365 371]
  [360 366 372]
  [358 363 369]
  [359 363 371]
  [359 363 367]
  [360 362 367]
  [360 366 371]
  [359 365 371]
  [361 365 371]
  [364 367 371]
  [363 366 370]
  [358 364 370]
  [356 359 365]
  [357 365 371]
  [362 366 374]
  [360 365 374]
  [357 362 369]
  [362 367 371]
  [360 364 368]
  [363 365 368]
  [363 365 368]
  [361 364 367]
  [359 363 368]
  [358 364 368]
  [360 365 368]
  [361 364 368]
  [362 364 367]
  [359 362 367]
  [358 364 373]
  [360 364 372]
  [357 362 369]
  [357 361 366]
  [359 364 371]
  [360 365 370]
  [360 363 367]
  [360 363 367]
  [358 363 369]
  [361 364 369]
  [361 364 368]
  [360 363 367]
  [359 362 366]
  [359 363 367]
  [358 363 367]
  [360 364 368]
  [357 361 365]
  [355 360 364]
  [352 359 366]
  [359 362 366]
  [355 360 368]
  [357 361 368]
  [355 361 365]
  [355 361 366]
  [352 360 366]
  [352 358 364]
  [356 360 367]
  [355 360 367]
  [355 360 365]
  [353 359 365]
  [353 358 363]
  [355 360 365]
  [355 359 365]
  [357 360 365]
  [358 359 364]
  [358 362 367]
  [358 363 367]
  [355 359 366]
  [357 360 365]
  [355 359 365]
  [355 359 369]
  [353 358 369]
  [352 355 360]
  [352 358 364]
  [352 357 363]
  [352 357 363]
  [354 357 361]
  [350 355 360]
  [348 354 360]
  [347 354 360]
  [347 352 357]
  [350 353 361]
  [353 355 361]]

 [[357 363 370]
  [357 363 369]
  [357 362 367]
  [360 365 370]
  [360 362 367]
  [358 361 365]
  [358 364 367]
  [358 362 366]
  [356 361 368]
  [358 364 369]
  [360 363 368]
  [360 364 370]
  [360 364 371]
  [360 366 372]
  [360 364 370]
  [363 365 370]
  [361 364 368]
  [361 365 370]
  [355 362 370]
  [359 363 369]
  [361 364 368]
  [360 363 369]
  [360 364 367]
  [361 365 370]
  [361 364 368]
  [362 364 374]
  [363 367 374]
  [362 365 369]
  [361 364 368]
  [356 361 365]
  [356 364 372]
  [359 364 372]
  [363 365 370]
  [361 365 369]
  [361 367 375]
  [359 365 374]
  [356 363 367]
  [359 361 365]
  [360 363 368]
  [362 365 369]
  [359 362 366]
  [359 363 368]
  [361 365 370]
  [360 364 370]
  [360 363 368]
  [360 361 363]
  [359 362 366]
  [360 363 367]
  [359 363 371]
  [359 364 370]
  [358 362 368]
  [355 362 369]
  [352 361 369]
  [359 361 366]
  [360 363 369]
  [357 361 369]
  [357 361 365]
  [359 363 367]
  [360 362 368]
  [355 361 368]
  [355 359 363]
  [359 362 365]
  [358 361 364]
  [351 361 366]
  [356 360 364]
  [356 360 367]
  [357 362 368]
  [354 358 361]
  [353 357 359]
  [353 359 367]
  [357 360 367]
  [353 358 363]
  [352 356 361]
  [353 357 361]
  [353 358 369]
  [354 359 369]
  [354 357 363]
  [349 356 362]
  [352 357 363]
  [352 355 363]
  [351 356 363]
  [351 355 360]
  [353 356 360]
  [350 355 360]
  [350 354 360]
  [347 353 360]
  [351 356 361]]

 [[359 363 368]
  [359 363 368]
  [361 364 368]
  [360 366 372]
  [361 364 371]
  [357 362 368]
  [360 364 367]
  [359 362 366]
  [359 363 368]
  [360 365 369]
  [359 362 366]
  [359 363 366]
  [360 363 366]
  [360 363 368]
  [361 363 367]
  [361 364 368]
  [361 366 373]
  [358 363 368]
  [362 364 368]
  [356 363 372]
  [357 366 372]
  [363 366 371]
  [358 364 367]
  [360 364 370]
  [361 365 370]
  [360 365 370]
  [360 366 372]
  [361 365 368]
  [361 364 370]
  [360 363 367]
  [360 364 372]
  [362 364 372]
  [363 367 373]
  [365 367 372]
  [363 368 378]
  [359 367 378]
  [356 362 368]
  [359 363 370]
  [361 364 369]
  [360 365 369]
  [357 362 366]
  [361 366 374]
  [359 366 374]
  [358 361 365]
  [354 362 366]
  [354 360 365]
  [360 363 367]
  [360 363 368]
  [360 363 367]
  [359 363 370]
  [359 362 366]
  [359 362 367]
  [359 362 367]
  [360 362 366]
  [359 362 366]
  [357 362 368]
  [358 362 368]
  [359 364 370]
  [357 363 370]
  [357 361 365]
  [359 361 364]
  [359 362 369]
  [358 362 367]
  [351 359 362]
  [358 361 367]
  [357 360 367]
  [355 361 368]
  [355 359 363]
  [353 358 363]
  [353 357 361]
  [356 359 365]
  [357 360 364]
  [356 359 363]
  [353 358 363]
  [353 359 366]
  [355 357 361]
  [352 357 362]
  [352 356 363]
  [352 355 363]
  [352 356 361]
  [351 354 358]
  [348 353 357]
  [347 354 360]
  [350 355 362]
  [352 355 362]
  [351 354 362]
  [351 355 362]]

 [[358 363 368]
  [361 366 372]
  [358 363 371]
  [357 361 368]
  [361 365 368]
  [357 363 368]
  [360 363 367]
  [360 364 368]
  [360 363 368]
  [362 365 370]
  [359 361 364]
  [355 360 364]
  [355 361 366]
  [360 363 367]
  [360 363 367]
  [361 365 367]
  [360 364 369]
  [359 363 371]
  [358 363 368]
  [356 363 371]
  [362 367 373]
  [360 365 373]
  [359 363 368]
  [365 366 370]
  [361 364 367]
  [363 366 370]
  [358 363 370]
  [360 365 369]
  [359 366 371]
  [359 363 369]
  [363 365 367]
  [358 364 369]
  [361 365 371]
  [363 365 369]
  [357 363 369]
  [360 363 369]
  [359 363 368]
  [359 364 368]
  [361 365 368]
  [360 365 370]
  [355 361 367]
  [360 364 371]
  [357 363 371]
  [357 362 368]
  [361 363 368]
  [358 362 368]
  [358 360 368]
  [359 362 365]
  [358 363 368]
  [360 365 369]
  [359 363 367]
  [359 363 368]
  [356 361 367]
  [357 362 367]
  [359 363 366]
  [355 360 366]
  [358 361 366]
  [357 361 370]
  [351 358 365]
  [358 361 365]
  [358 360 362]
  [355 359 362]
  [355 360 365]
  [356 360 364]
  [356 359 364]
  [357 361 365]
  [358 361 364]
  [357 359 365]
  [354 358 363]
  [354 357 361]
  [354 358 363]
  [357 359 363]
  [351 358 363]
  [351 358 363]
  [356 359 366]
  [353 356 361]
  [349 354 358]
  [352 356 362]
  [352 355 363]
  [352 355 361]
  [351 355 359]
  [351 353 357]
  [349 353 362]
  [350 354 362]
  [351 353 355]
  [350 354 359]
  [353 356 360]]

 [[358 363 370]
  [361 364 368]
  [363 366 372]
  [364 366 370]
  [363 365 368]
  [360 363 367]
  [359 363 366]
  [359 364 370]
  [360 364 370]
  [362 366 369]
  [362 364 369]
  [358 362 367]
  [357 363 370]
  [359 364 370]
  [360 364 370]
  [361 364 371]
  [360 365 372]
  [361 366 372]
  [360 364 369]
  [362 365 371]
  [364 367 370]
  [362 365 370]
  [358 363 370]
  [358 364 370]
  [362 364 370]
  [362 365 371]
  [359 364 371]
  [361 366 369]
  [363 366 370]
  [361 365 370]
  [361 364 368]
  [358 362 368]
  [358 363 373]
  [359 364 373]
  [360 364 368]
  [361 365 370]
  [361 365 370]
  [361 363 368]
  [362 364 368]
  [360 364 369]
  [360 363 367]
  [361 363 367]
  [361 364 367]
  [362 364 367]
  [359 362 365]
  [358 362 368]
  [357 361 366]
  [361 364 371]
  [357 362 365]
  [361 364 369]
  [359 364 368]
  [358 362 365]
  [356 361 367]
  [358 361 367]
  [358 362 366]
  [359 362 368]
  [352 360 366]
  [354 359 366]
  [351 358 365]
  [357 361 365]
  [358 361 364]
  [354 359 362]
  [354 359 365]
  [355 359 365]
  [356 360 365]
  [357 361 365]
  [357 361 365]
  [357 361 368]
  [352 360 364]
  [352 358 366]
  [358 362 367]
  [357 360 364]
  [355 359 364]
  [355 357 361]
  [356 357 361]
  [353 356 359]
  [349 355 361]
  [353 356 361]
  [352 355 363]
  [350 354 359]
  [350 355 359]
  [353 356 359]
  [350 354 358]
  [353 355 359]
  [354 356 361]
  [353 356 359]
  [351 354 357]]

 [[358 363 371]
  [358 363 370]
  [358 363 369]
  [360 364 369]
  [361 364 367]
  [361 363 367]
  [360 363 366]
  [363 366 369]
  [358 364 370]
  [361 365 368]
  [362 366 370]
  [359 363 370]
  [359 363 367]
  [360 365 370]
  [362 366 370]
  [361 365 368]
  [363 366 372]
  [360 363 366]
  [361 364 369]
  [362 366 372]
  [362 366 373]
  [361 366 373]
  [357 363 373]
  [357 364 371]
  [362 364 369]
  [362 365 368]
  [359 365 371]
  [361 367 371]
  [362 365 368]
  [362 365 370]
  [364 366 369]
  [360 365 369]
  [360 364 373]
  [359 365 373]
  [360 364 370]
  [363 367 371]
  [363 366 371]
  [358 363 368]
  [362 365 370]
  [361 363 368]
  [359 361 366]
  [359 362 366]
  [358 362 367]
  [358 362 367]
  [359 363 368]
  [359 363 368]
  [357 362 368]
  [359 364 371]
  [355 359 363]
  [357 361 366]
  [357 362 367]
  [357 361 365]
  [359 362 365]
  [359 362 366]
  [358 361 364]
  [359 363 368]
  [357 362 366]
  [357 361 366]
  [355 359 366]
  [358 360 365]
  [356 359 365]
  [357 360 364]
  [358 362 365]
  [355 360 365]
  [357 360 365]
  [360 362 366]
  [356 361 365]
  [357 362 368]
  [353 362 368]
  [353 358 364]
  [356 359 367]
  [356 360 364]
  [352 358 364]
  [352 357 363]
  [354 357 362]
  [353 355 359]
  [349 355 358]
  [353 358 361]
  [354 357 361]
  [347 354 359]
  [353 355 359]
  [351 356 361]
  [353 356 361]
  [352 355 360]
  [351 354 359]
  [349 355 360]
  [351 353 355]]

 [[357 361 367]
  [359 365 373]
  [361 365 373]
  [358 364 368]
  [358 363 368]
  [362 365 370]
  [358 364 371]
  [360 365 368]
  [358 364 370]
  [360 363 367]
  [362 366 370]
  [360 365 370]
  [360 363 368]
  [360 364 368]
  [362 365 370]
  [361 365 372]
  [361 366 371]
  [362 364 368]
  [361 365 369]
  [361 364 367]
  [362 368 373]
  [363 367 373]
  [359 365 371]
  [359 366 371]
  [357 364 369]
  [357 361 366]
  [362 366 370]
  [364 368 376]
  [363 368 377]
  [360 364 369]
  [363 366 370]
  [361 366 374]
  [362 364 369]
  [359 364 369]
  [360 364 367]
  [360 363 368]
  [361 365 370]
  [360 364 369]
  [363 365 370]
  [361 365 369]
  [357 362 367]
  [358 363 366]
  [358 362 367]
  [358 364 372]
  [360 364 367]
  [363 365 368]
  [359 363 368]
  [359 362 368]
  [358 361 369]
  [360 363 369]
  [360 362 366]
  [358 361 364]
  [360 362 366]
  [362 364 368]
  [359 363 368]
  [359 362 370]
  [357 361 370]
  [354 360 366]
  [356 360 366]
  [353 358 362]
  [359 361 365]
  [358 362 366]
  [358 362 366]
  [357 361 366]
  [357 360 366]
  [357 361 365]
  [356 360 363]
  [356 360 367]
  [353 359 367]
  [353 358 364]
  [358 360 364]
  [356 359 366]
  [354 357 362]
  [352 356 359]
  [352 357 362]
  [354 357 362]
  [353 356 360]
  [353 356 361]
  [354 358 363]
  [350 358 363]
  [352 357 361]
  [352 355 360]
  [350 355 360]
  [350 355 360]
  [351 355 360]
  [349 355 360]
  [352 355 358]]

 [[358 363 368]
  [358 363 369]
  [357 361 364]
  [357 361 365]
  [360 364 368]
  [360 363 368]
  [357 362 367]
  [360 366 372]
  [360 365 371]
  [360 365 371]
  [364 366 370]
  [360 365 370]
  [360 365 371]
  [362 365 370]
  [361 364 370]
  [360 365 370]
  [361 367 373]
  [365 367 373]
  [361 364 368]
  [361 364 368]
  [362 367 372]
  [362 365 371]
  [358 364 371]
  [361 365 371]
  [361 366 371]
  [358 364 368]
  [362 367 372]
  [361 366 373]
  [363 369 374]
  [360 365 374]
  [361 368 373]
  [361 366 375]
  [360 363 370]
  [360 364 370]
  [360 365 373]
  [360 364 368]
  [361 364 369]
  [361 363 366]
  [361 363 368]
  [359 363 368]
  [362 364 367]
  [358 364 370]
  [361 364 370]
  [359 364 372]
  [359 362 366]
  [361 363 366]
  [359 362 366]
  [359 363 368]
  [358 364 369]
  [360 364 369]
  [357 363 370]
  [356 362 370]
  [356 361 366]
  [359 362 368]
  [359 363 368]
  [359 363 371]
  [360 364 370]
  [357 363 368]
  [357 362 368]
  [359 361 368]
  [358 361 365]
  [356 361 366]
  [358 362 366]
  [359 361 365]
  [357 361 365]
  [358 361 366]
  [358 361 366]
  [355 359 365]
  [357 359 362]
  [356 359 364]
  [356 360 364]
  [356 360 364]
  [353 357 363]
  [355 357 360]
  [354 357 361]
  [352 357 361]
  [349 355 359]
  [349 355 362]
  [353 357 365]
  [353 358 365]
  [351 355 360]
  [350 352 357]
  [350 354 359]
  [351 356 360]
  [351 355 359]
  [351 354 358]
  [349 352 356]]]