[[[311 345 363]
  [356 368 377]
  [368 376 380]
  [372 376 380]
  [372 376 384]
  [372 377 380]
  [366 371 378]
  [364 373 379]
  [373 376 382]
  [375 376 380]
  [373 376 381]
  [369 373 377]
  [368 371 376]
  [367 371 375]
  [368 372 375]
  [367 371 376]
  [366 369 374]
  [369 371 375]
  [366 370 378]
  [370 375 379]
  [368 371 375]
  [368 372 377]
  [369 375 378]
  [371 375 381]
  [370 374 378]
  [375 379 384]
  [370 374 381]
  [366 372 377]
  [365 371 376]
  [368 370 375]
  [367 370 372]
  [366 371 375]
  [368 373 377]
  [369 371 375]
  [362 367 372]
  [365 366 369]
  [359 364 371]
  [362 366 370]
  [355 361 369]
  [338 350 360]
  [321 330 344]
  [340 347 353]
  [344 347 352]
  [338 340 345]
  [341 345 350]
  [340 343 346]
  [328 333 342]
  [332 334 338]
  [324 328 331]
  [324 327 331]
  [313 327 335]
  [322 329 335]
  [324 328 331]
  [318 324 328]
  [317 320 324]
  [316 319 324]
  [311 317 324]
  [311 314 319]
  [307 312 316]
  [304 308 313]
  [298 305 309]
  [299 302 305]
  [298 302 306]
  [294 297 301]
  [290 296 304]
  [293 297 302]
  [286 293 299]
  [283 291 299]
  [288 290 292]
  [286 290 293]
  [287 289 294]
  [285 289 292]
  [278 283 287]
  [281 284 289]
  [278 282 285]
  [268 278 283]
  [266 273 280]
  [271 275 279]
  [267 270 277]
  [266 270 274]
  [266 269 275]
  [258 264 271]
  [262 264 267]
  [259 264 268]
  [260 263 267]
  [258 260 262]
  [230 248 258]]

 [[351 358 367]
  [362 373 381]
  [367 376 383]
  [374 378 383]
  [372 376 383]
  [377 379 383]
  [376 380 384]
  [377 378 381]
  [375 378 383]
  [372 374 379]
  [366 371 376]
  [364 367 372]
  [368 372 375]
  [369 372 376]
  [372 375 379]
  [366 370 377]
  [365 369 373]
  [373 375 380]
  [364 368 374]
  [366 369 375]
  [369 373 378]
  [369 373 377]
  [368 373 380]
  [368 373 377]
  [373 376 382]
  [373 375 378]
  [368 373 379]
  [369 372 376]
  [369 372 375]
  [364 368 372]
  [364 371 376]
  [363 369 375]
  [368 372 375]
  [368 369 372]
  [364 368 372]
  [360 366 369]
  [362 366 370]
  [354 364 369]
  [349 359 370]
  [347 354 362]
  [326 336 349]
  [347 350 354]
  [339 345 351]
  [339 344 351]
  [340 345 349]
  [337 345 350]
  [335 338 342]
  [327 332 341]
  [332 334 336]
  [327 330 334]
  [313 325 330]
  [318 323 328]
  [323 327 332]
  [319 322 329]
  [312 319 323]
  [316 322 330]
  [313 319 328]
  [311 313 318]
  [306 311 317]
  [309 315 324]
  [301 309 314]
  [301 305 310]
  [297 302 307]
  [302 306 310]
  [300 302 309]
  [294 298 302]
  [292 294 298]
  [292 295 299]
  [289 293 297]
  [291 294 299]
  [284 288 293]
  [283 290 297]
  [284 288 292]
  [282 287 290]
  [280 284 287]
  [276 281 284]
  [277 280 285]
  [273 278 283]
  [265 270 274]
  [272 274 277]
  [268 272 278]
  [265 269 273]
  [261 264 270]
  [262 265 270]
  [259 263 268]
  [255 257 263]
  [232 250 258]]

 [[299 338 356]
  [275 307 351]
  [333 363 381]
  [371 378 385]
  [376 378 381]
  [377 380 382]
  [373 376 380]
  [375 378 382]
  [376 378 380]
  [372 375 378]
  [364 371 378]
  [367 371 377]
  [370 374 377]
  [367 370 373]
  [366 371 376]
  [367 372 377]
  [366 370 375]
  [367 371 375]
  [367 371 379]
  [370 372 379]
  [370 374 379]
  [370 373 379]
  [370 376 382]
  [363 369 377]
  [368 373 380]
  [371 376 382]
  [368 372 378]
  [369 371 378]
  [369 374 378]
  [369 371 375]
  [368 372 374]
  [366 369 375]
  [371 373 377]
  [368 373 376]
  [364 369 375]
  [363 366 371]
  [360 364 368]
  [361 365 370]
  [355 361 370]
  [345 354 359]
  [328 336 349]
  [348 351 357]
  [350 356 363]
  [339 343 349]
  [332 341 348]
  [337 339 344]
  [335 339 342]
  [339 341 344]
  [335 338 341]
  [328 331 336]
  [323 327 331]
  [321 327 331]
  [325 329 333]
  [324 325 328]
  [314 321 327]
  [316 320 325]
  [319 322 327]
  [312 317 321]
  [310 317 322]
  [306 309 312]
  [308 312 316]
  [304 307 313]
  [304 307 311]
  [306 309 314]
  [300 304 307]
  [293 298 302]
  [290 292 297]
  [293 296 299]
  [288 291 295]
  [291 295 300]
  [287 292 298]
  [287 290 297]
  [285 287 288]
  [279 283 291]
  [280 283 289]
  [276 280 286]
  [278 280 283]
  [277 279 282]
  [274 277 283]
  [272 275 278]
  [267 271 274]
  [265 267 269]
  [260 265 273]
  [262 266 271]
  [260 263 270]
  [258 260 264]
  [238 255 265]]

 [[322 347 364]
  [324 365 380]
  [371 378 384]
  [377 382 387]
  [375 379 385]
  [372 380 385]
  [372 375 379]
  [376 380 385]
  [374 379 383]
  [373 376 382]
  [362 371 380]
  [364 370 376]
  [374 377 381]
  [365 371 376]
  [367 371 376]
  [372 374 379]
  [366 369 373]
  [363 369 372]
  [369 372 380]
  [370 372 376]
  [369 375 380]
  [369 375 380]
  [370 374 383]
  [370 373 380]
  [369 373 378]
  [373 375 378]
  [374 377 381]
  [374 377 382]
  [369 372 377]
  [367 370 374]
  [368 371 376]
  [364 371 380]
  [366 368 372]
  [366 371 376]
  [369 372 376]
  [360 366 371]
  [356 359 365]
  [354 364 370]
  [353 359 367]
  [345 355 365]
  [330 341 351]
  [352 355 360]
  [326 344 355]
  [335 343 350]
  [340 342 349]
  [337 341 346]
  [338 340 345]
  [332 337 341]
  [329 335 341]
  [327 330 335]
  [326 329 331]
  [323 329 336]
  [315 321 328]
  [321 324 327]
  [319 323 328]
  [315 323 329]
  [314 319 322]
  [314 317 322]
  [304 309 314]
  [309 312 315]
  [311 314 319]
  [303 308 315]
  [303 308 313]
  [299 302 309]
  [298 300 303]
  [297 299 302]
  [296 297 299]
  [295 298 301]
  [290 293 298]
  [286 292 296]
  [288 291 296]
  [288 290 292]
  [288 291 294]
  [282 286 291]
  [282 285 289]
  [281 284 288]
  [275 280 286]
  [262 273 284]
  [275 278 283]
  [273 274 277]
  [270 274 279]
  [269 272 276]
  [268 272 275]
  [266 269 271]
  [265 266 269]
  [262 266 269]
  [239 256 265]]

 [[337 349 360]
  [313 351 372]
  [362 375 381]
  [378 381 383]
  [376 380 389]
  [374 379 387]
  [373 375 381]
  [363 373 379]
  [373 376 381]
  [373 376 380]
  [368 374 380]
  [368 374 379]
  [367 375 383]
  [360 367 374]
  [370 374 376]
  [367 372 376]
  [365 370 375]
  [368 372 377]
  [366 372 375]
  [368 371 377]
  [370 374 378]
  [365 373 382]
  [367 370 374]
  [370 376 385]
  [372 377 382]
  [370 374 384]
  [368 374 380]
  [374 375 380]
  [370 374 380]
  [365 370 375]
  [366 372 380]
  [365 372 377]
  [369 371 375]
  [369 371 379]
  [360 365 368]
  [358 363 370]
  [356 362 369]
  [358 365 370]
  [358 364 368]
  [352 361 368]
  [335 341 350]
  [351 353 357]
  [328 348 356]
  [339 344 349]
  [342 344 347]
  [339 343 346]
  [340 343 348]
  [337 340 344]
  [333 337 342]
  [328 334 340]
  [326 331 336]
  [321 327 331]
  [320 325 331]
  [324 328 332]
  [317 325 333]
  [319 323 326]
  [317 320 324]
  [313 319 323]
  [308 314 319]
  [311 315 319]
  [304 308 314]
  [305 307 311]
  [303 305 309]
  [302 304 309]
  [300 302 304]
  [296 301 306]
  [294 299 306]
  [293 297 304]
  [290 295 302]
  [289 292 295]
  [288 290 295]
  [290 293 298]
  [289 292 296]
  [286 290 294]
  [285 288 292]
  [278 283 289]
  [279 283 290]
  [278 282 286]
  [281 282 284]
  [271 276 281]
  [274 277 281]
  [271 274 277]
  [270 272 276]
  [265 267 271]
  [263 266 269]
  [265 267 270]
  [239 255 265]]

 [[304 332 346]
  [213 258 312]
  [346 369 381]
  [372 375 382]
  [363 374 386]
  [374 379 384]
  [377 379 384]
  [373 376 382]
  [372 378 384]
  [372 376 382]
  [372 377 382]
  [371 373 376]
  [374 376 382]
  [366 373 377]
  [368 373 381]
  [371 375 379]
  [364 370 376]
  [367 371 375]
  [364 371 378]
  [369 373 378]
  [368 372 378]
  [367 370 376]
  [364 369 378]
  [364 368 376]
  [372 375 379]
  [370 375 382]
  [371 376 380]
  [373 376 381]
  [368 371 378]
  [367 372 378]
  [362 368 375]
  [359 365 371]
  [359 367 375]
  [365 369 376]
  [365 370 378]
  [367 370 374]
  [367 368 372]
  [364 366 369]
  [362 365 369]
  [346 356 366]
  [329 336 347]
  [348 352 356]
  [348 350 353]
  [343 346 349]
  [339 345 349]
  [338 342 346]
  [338 343 348]
  [340 343 347]
  [338 339 341]
  [328 334 340]
  [325 332 338]
  [327 328 331]
  [321 324 330]
  [323 325 329]
  [316 320 327]
  [320 323 327]
  [320 323 331]
  [316 321 327]
  [314 317 319]
  [309 314 318]
  [308 313 318]
  [309 312 317]
  [301 307 314]
  [306 309 313]
  [301 304 307]
  [296 302 305]
  [294 300 303]
  [298 301 304]
  [295 297 300]
  [288 293 298]
  [289 292 294]
  [290 292 297]
  [290 292 296]
  [287 291 296]
  [278 285 290]
  [278 282 286]
  [276 282 286]
  [272 277 283]
  [276 278 283]
  [278 280 283]
  [269 275 282]
  [271 273 276]
  [268 269 272]
  [268 270 272]
  [264 269 273]
  [259 264 270]
  [242 257 267]]

 [[305 334 350]
  [216 254 299]
  [319 360 374]
  [371 375 383]
  [365 369 372]
  [372 375 380]
  [373 378 383]
  [376 378 382]
  [375 379 385]
  [374 376 379]
  [376 380 385]
  [368 372 380]
  [366 372 377]
  [375 377 381]
  [375 378 383]
  [370 374 379]
  [370 373 376]
  [369 371 376]
  [369 373 376]
  [372 377 382]
  [370 376 382]
  [372 375 379]
  [375 378 381]
  [375 378 383]
  [372 374 378]
  [376 379 382]
  [373 376 380]
  [372 375 379]
  [347 366 374]
  [344 363 378]
  [359 367 374]
  [365 368 372]
  [364 369 376]
  [364 367 370]
  [368 370 375]
  [368 369 373]
  [362 366 369]
  [362 364 368]
  [356 361 365]
  [350 358 364]
  [334 339 345]
  [350 354 359]
  [353 354 357]
  [347 351 358]
  [343 347 351]
  [344 345 348]
  [340 344 350]
  [337 341 346]
  [335 336 339]
  [329 334 339]
  [330 334 337]
  [328 332 337]
  [322 329 337]
  [327 330 333]
  [322 326 333]
  [319 322 325]
  [323 325 328]
  [315 320 326]
  [304 311 318]
  [309 312 317]
  [309 311 317]
  [310 315 319]
  [306 309 314]
  [305 308 311]
  [301 304 307]
  [299 303 308]
  [297 301 304]
  [299 301 304]
  [296 299 302]
  [284 289 296]
  [290 294 298]
  [291 293 296]
  [283 287 291]
  [278 282 287]
  [273 283 290]
  [279 284 291]
  [274 283 287]
  [274 281 284]
  [274 278 283]
  [277 279 283]
  [272 276 284]
  [273 277 282]
  [269 273 279]
  [272 274 277]
  [269 272 275]
  [260 267 274]
  [249 261 268]]

 [[347 352 363]
  [258 318 362]
  [261 302 363]
  [355 373 380]
  [370 374 378]
  [370 374 382]
  [375 378 383]
  [371 375 378]
  [376 378 384]
  [377 379 383]
  [374 380 385]
  [373 376 380]
  [372 377 381]
  [375 379 385]
  [374 376 381]
  [372 374 379]
  [371 374 378]
  [369 372 377]
  [370 374 379]
  [374 376 379]
  [372 374 380]
  [372 375 381]
  [371 374 377]
  [375 378 382]
  [374 377 380]
  [375 377 381]
  [374 377 383]
  [373 375 378]
  [351 365 373]
  [353 356 363]
  [358 368 377]
  [365 368 371]
  [366 368 372]
  [369 371 374]
  [368 371 374]
  [363 366 371]
  [353 361 367]
  [362 368 374]
  [367 369 372]
  [356 364 371]
  [332 341 349]
  [351 354 359]
  [352 355 359]
  [348 352 356]
  [344 348 353]
  [341 344 347]
  [339 344 352]
  [332 339 345]
  [330 336 340]
  [329 331 335]
  [328 330 334]
  [327 333 337]
  [315 324 335]
  [322 327 334]
  [325 327 333]
  [321 325 330]
  [314 323 328]
  [314 317 323]
  [307 310 314]
  [306 309 315]
  [309 311 316]
  [309 311 316]
  [308 309 315]
  [305 307 311]
  [304 308 311]
  [302 306 310]
  [302 303 308]
  [297 301 306]
  [297 303 311]
  [290 295 306]
  [289 294 300]
  [288 291 296]
  [282 287 291]
  [281 284 287]
  [285 288 293]
  [286 288 292]
  [270 281 287]
  [273 279 284]
  [277 279 284]
  [278 282 285]
  [271 276 283]
  [273 278 284]
  [272 277 282]
  [271 274 280]
  [269 273 277]
  [260 269 275]
  [252 264 273]]

 [[346 356 366]
  [346 361 365]
  [248 298 351]
  [265 335 374]
  [365 374 379]
  [371 375 379]
  [376 379 383]
  [373 376 380]
  [376 379 384]
  [369 376 382]
  [372 376 382]
  [370 374 381]
  [368 373 378]
  [374 377 381]
  [372 375 383]
  [367 373 381]
  [361 369 373]
  [368 374 381]
  [374 378 382]
  [376 378 380]
  [370 373 378]
  [375 376 379]
  [375 377 380]
  [374 377 381]
  [370 375 380]
  [374 376 380]
  [373 375 380]
  [371 373 375]
  [368 371 374]
  [361 366 374]
  [368 371 376]
  [356 364 373]
  [360 368 374]
  [360 366 371]
  [355 364 369]
  [359 365 369]
  [359 364 372]
  [364 366 371]
  [357 363 373]
  [355 362 368]
  [334 342 347]
  [350 357 363]
  [351 357 363]
  [346 351 356]
  [342 349 357]
  [342 344 347]
  [341 344 349]
  [336 344 351]
  [334 339 343]
  [335 336 340]
  [330 334 339]
  [325 332 335]
  [321 327 334]
  [321 327 336]
  [316 325 332]
  [324 328 332]
  [311 319 323]
  [314 322 328]
  [315 320 325]
  [306 312 318]
  [311 313 317]
  [308 311 314]
  [309 312 315]
  [310 312 319]
  [297 306 311]
  [300 305 311]
  [302 306 312]
  [303 306 309]
  [297 301 304]
  [298 300 304]
  [294 298 303]
  [292 298 301]
  [288 292 296]
  [282 286 292]
  [281 286 292]
  [286 289 292]
  [281 286 291]
  [276 284 289]
  [278 283 287]
  [278 280 283]
  [263 272 279]
  [269 276 282]
  [268 276 284]
  [271 275 279]
  [271 273 276]
  [269 272 277]
  [250 264 272]]

 [[234 310 353]
  [218 308 356]
  [293 333 357]
  [281 311 347]
  [309 349 370]
  [367 374 382]
  [373 378 383]
  [372 376 381]
  [373 375 378]
  [369 373 379]
  [370 375 381]
  [368 372 380]
  [366 370 376]
  [368 372 376]
  [373 375 377]
  [371 372 380]
  [361 369 376]
  [363 367 374]
  [369 374 378]
  [361 369 377]
  [359 368 373]
  [368 375 379]
  [374 377 381]
  [375 380 383]
  [374 378 382]
  [375 378 381]
  [377 379 384]
  [371 374 379]
  [364 366 368]
  [364 372 378]
  [371 375 381]
  [360 367 372]
  [355 364 371]
  [352 361 371]
  [354 365 376]
  [360 368 372]
  [359 364 372]
  [358 364 370]
  [348 361 373]
  [354 359 366]
  [336 343 349]
  [353 356 360]
  [352 355 361]
  [348 351 354]
  [343 349 355]
  [343 346 349]
  [337 342 346]
  [341 342 346]
  [333 338 343]
  [336 337 341]
  [334 335 337]
  [327 332 336]
  [322 331 340]
  [323 327 333]
  [321 326 330]
  [323 327 333]
  [320 323 328]
  [317 321 325]
  [313 316 323]
  [306 312 316]
  [309 314 318]
  [315 318 324]
  [312 314 319]
  [311 313 315]
  [312 313 315]
  [310 312 314]
  [304 308 312]
  [305 307 310]
  [302 305 311]
  [297 302 305]
  [296 301 306]
  [290 297 302]
  [290 293 297]
  [285 288 292]
  [280 284 290]
  [282 286 291]
  [283 287 294]
  [282 285 292]
  [281 284 286]
  [278 282 288]
  [277 279 282]
  [274 278 284]
  [278 282 285]
  [272 277 282]
  [266 273 280]
  [276 279 283]
  [251 267 276]]

 [[265 329 349]
  [224 291 346]
  [211 257 337]
  [220 263 327]
  [203 271 342]
  [218 304 366]
  [279 343 375]
  [328 364 376]
  [354 368 375]
  [370 373 378]
  [372 376 381]
  [373 377 382]
  [373 378 384]
  [373 379 389]
  [367 373 378]
  [371 373 377]
  [369 372 378]
  [368 371 377]
  [369 372 377]
  [361 368 375]
  [353 369 382]
  [370 376 381]
  [376 381 386]
  [377 380 385]
  [378 378 380]
  [373 378 387]
  [370 373 377]
  [370 373 378]
  [369 372 377]
  [362 371 378]
  [369 372 378]
  [365 369 374]
  [364 369 374]
  [352 357 364]
  [359 366 371]
  [359 364 370]
  [359 362 369]
  [360 363 372]
  [358 362 367]
  [326 354 364]
  [319 335 348]
  [348 355 362]
  [322 343 356]
  [338 349 359]
  [343 349 355]
  [344 347 351]
  [345 346 348]
  [340 343 347]
  [335 337 340]
  [333 336 340]
  [330 333 340]
  [331 336 340]
  [330 333 338]
  [312 325 332]
  [321 325 331]
  [322 325 328]
  [325 329 332]
  [317 321 324]
  [309 314 321]
  [312 315 319]
  [303 310 317]
  [311 315 322]
  [310 313 322]
  [312 315 319]
  [307 312 315]
  [306 309 312]
  [308 311 316]
  [307 310 313]
  [305 307 310]
  [299 305 309]
  [297 300 305]
  [291 295 303]
  [285 291 296]
  [288 291 297]
  [285 290 295]
  [283 284 287]
  [283 291 296]
  [283 287 293]
  [281 283 285]
  [280 285 288]
  [277 281 284]
  [276 280 285]
  [277 280 285]
  [274 281 285]
  [267 275 282]
  [275 276 281]
  [250 268 279]]

 [[344 349 358]
  [351 360 368]
  [309 359 371]
  [306 351 371]
  [227 317 363]
  [208 262 356]
  [204 241 303]
  [210 255 316]
  [240 301 352]
  [349 368 377]
  [370 377 381]
  [374 378 383]
  [367 371 379]
  [369 373 380]
  [374 379 383]
  [367 373 378]
  [368 374 380]
  [367 371 375]
  [364 372 380]
  [368 372 377]
  [365 373 379]
  [371 374 380]
  [368 376 387]
  [374 383 393]
  [375 378 382]
  [376 380 384]
  [371 374 380]
  [371 376 383]
  [371 374 380]
  [369 373 378]
  [366 369 373]
  [369 372 375]
  [363 367 370]
  [359 363 367]
  [355 361 370]
  [320 347 361]
  [354 359 365]
  [352 360 365]
  [349 357 364]
  [216 292 348]
  [236 297 336]
  [346 353 358]
  [345 352 356]
  [344 348 356]
  [347 350 358]
  [343 347 350]
  [342 345 349]
  [337 341 345]
  [333 338 346]
  [334 336 339]
  [332 335 344]
  [327 330 333]
  [319 327 334]
  [318 323 332]
  [325 329 333]
  [323 325 330]
  [315 318 322]
  [315 320 325]
  [313 318 325]
  [318 322 327]
  [317 319 322]
  [312 315 319]
  [313 318 322]
  [312 317 321]
  [310 314 318]
  [311 312 314]
  [305 309 314]
  [302 309 313]
  [304 310 315]
  [301 304 308]
  [299 301 304]
  [295 300 306]
  [287 291 296]
  [289 293 297]
  [289 291 294]
  [281 288 295]
  [280 287 291]
  [285 289 294]
  [282 288 293]
  [284 287 290]
  [277 282 290]
  [279 282 287]
  [278 280 286]
  [277 281 285]
  [277 281 286]
  [275 278 284]
  [254 269 282]]

 [[343 353 363]
  [359 362 368]
  [366 370 373]
  [365 369 374]
  [360 370 380]
  [347 369 379]
  [318 363 378]
  [309 359 382]
  [349 369 380]
  [369 373 376]
  [364 370 377]
  [374 376 379]
  [366 372 379]
  [372 375 379]
  [368 375 380]
  [369 373 378]
  [365 374 379]
  [366 372 379]
  [364 376 381]
  [371 378 383]
  [355 362 371]
  [362 367 376]
  [368 369 373]
  [367 371 376]
  [373 376 381]
  [371 375 378]
  [375 377 381]
  [376 379 384]
  [373 376 380]
  [364 373 379]
  [365 367 371]
  [363 366 370]
  [367 369 371]
  [361 367 371]
  [358 363 370]
  [300 338 357]
  [353 359 365]
  [344 353 364]
  [340 349 359]
  [191 257 323]
  [221 283 337]
  [341 349 359]
  [346 355 361]
  [344 350 353]
  [348 350 355]
  [344 346 349]
  [341 345 350]
  [334 340 347]
  [340 342 347]
  [338 340 345]
  [335 337 341]
  [329 332 338]
  [322 325 331]
  [323 324 326]
  [323 326 329]
  [323 327 331]
  [316 322 330]
  [298 312 321]
  [292 310 322]
  [314 319 324]
  [310 313 319]
  [313 316 319]
  [309 314 322]
  [313 316 322]
  [310 317 326]
  [311 313 317]
  [308 311 316]
  [307 309 314]
  [302 306 309]
  [300 302 306]
  [298 301 305]
  [290 296 299]
  [293 297 302]
  [290 293 298]
  [282 290 294]
  [288 292 296]
  [287 290 294]
  [286 288 293]
  [283 287 292]
  [281 284 288]
  [283 287 292]
  [279 285 291]
  [282 285 291]
  [280 282 285]
  [273 277 281]
  [273 277 280]
  [256 268 279]]

 [[340 348 355]
  [354 361 368]
  [371 372 375]
  [371 375 380]
  [369 374 379]
  [370 372 377]
  [367 373 382]
  [366 375 381]
  [369 376 381]
  [372 375 380]
  [374 378 383]
  [374 376 378]
  [371 375 380]
  [372 374 378]
  [369 375 383]
  [369 372 376]
  [361 367 371]
  [365 370 378]
  [371 375 380]
  [370 377 384]
  [365 370 378]
  [365 370 376]
  [364 370 378]
  [369 373 379]
  [369 371 374]
  [371 374 379]
  [369 372 381]
  [374 376 382]
  [368 374 380]
  [367 369 376]
  [368 370 374]
  [368 370 374]
  [369 373 378]
  [364 369 375]
  [357 364 370]
  [356 360 372]
  [344 353 361]
  [308 325 337]
  [336 343 348]
  [188 242 314]
  [196 250 329]
  [259 328 350]
  [335 346 356]
  [341 349 354]
  [343 347 353]
  [344 346 349]
  [342 345 348]
  [337 342 346]
  [335 340 346]
  [332 337 340]
  [331 337 340]
  [334 336 339]
  [327 333 337]
  [322 329 335]
  [321 325 330]
  [322 328 331]
  [319 326 332]
  [297 314 322]
  [273 298 315]
  [310 317 325]
  [317 320 323]
  [312 317 322]
  [307 312 321]
  [316 318 320]
  [307 314 318]
  [310 314 318]
  [310 312 315]
  [297 306 313]
  [296 303 309]
  [307 307 310]
  [300 301 304]
  [287 297 305]
  [291 298 303]
  [293 297 301]
  [283 292 297]
  [286 291 294]
  [287 290 293]
  [284 287 290]
  [290 292 297]
  [286 290 296]
  [284 287 290]
  [280 284 289]
  [282 285 288]
  [284 285 287]
  [275 281 289]
  [273 276 281]
  [258 272 282]]

 [[338 349 354]
  [356 362 370]
  [364 367 369]
  [368 371 377]
  [362 371 379]
  [371 375 380]
  [371 375 378]
  [368 375 380]
  [370 375 378]
  [365 373 380]
  [373 377 382]
  [374 376 382]
  [372 376 382]
  [374 375 378]
  [374 377 382]
  [345 358 370]
  [344 360 372]
  [367 372 376]
  [372 375 379]
  [367 372 379]
  [370 374 379]
  [374 380 388]
  [364 376 384]
  [366 369 373]
  [369 375 380]
  [377 377 380]
  [369 376 381]
  [369 375 380]
  [370 373 377]
  [369 373 379]
  [369 373 378]
  [369 372 375]
  [367 370 375]
  [363 366 370]
  [362 365 371]
  [358 362 368]
  [344 351 356]
  [333 343 356]
  [344 352 358]
  [184 252 323]
  [194 245 319]
  [241 281 323]
  [303 324 335]
  [338 346 354]
  [345 350 354]
  [342 345 349]
  [336 343 349]
  [331 340 346]
  [329 339 345]
  [330 337 344]
  [330 335 342]
  [332 334 338]
  [332 335 339]
  [330 331 334]
  [329 331 334]
  [326 330 334]
  [324 329 333]
  [321 326 329]
  [318 323 330]
  [313 317 322]
  [316 320 324]
  [311 317 322]
  [313 316 320]
  [309 314 319]
  [309 313 318]
  [308 312 316]
  [305 309 313]
  [295 306 315]
  [290 300 307]
  [303 307 311]
  [296 300 305]
  [299 300 303]
  [296 298 302]
  [292 298 302]
  [295 296 300]
  [284 289 293]
  [284 289 292]
  [279 284 290]
  [286 288 291]
  [286 289 295]
  [282 284 288]
  [284 288 291]
  [283 286 290]
  [280 285 289]
  [281 283 286]
  [277 279 283]
  [257 270 280]]

 [[336 347 356]
  [356 360 368]
  [362 365 373]
  [363 368 374]
  [363 370 379]
  [363 369 375]
  [369 372 377]
  [371 375 381]
  [371 373 381]
  [366 369 375]
  [369 374 381]
  [376 378 382]
  [374 377 381]
  [371 375 381]
  [371 374 378]
  [357 369 379]
  [352 371 378]
  [373 374 377]
  [369 373 380]
  [371 377 384]
  [367 372 378]
  [370 375 379]
  [371 378 384]
  [368 376 383]
  [372 376 384]
  [373 375 378]
  [375 378 381]
  [375 378 381]
  [369 371 374]
  [369 374 381]
  [363 366 371]
  [366 370 374]
  [364 369 374]
  [363 367 371]
  [361 365 370]
  [362 364 371]
  [352 360 364]
  [352 359 364]
  [342 350 357]
  [210 279 338]
  [213 288 336]
  [323 341 350]
  [232 293 339]
  [209 275 339]
  [295 335 346]
  [341 344 350]
  [335 342 349]
  [328 334 339]
  [329 336 344]
  [323 334 338]
  [328 333 337]
  [330 332 336]
  [324 330 334]
  [326 329 333]
  [322 328 334]
  [322 326 330]
  [321 326 333]
  [318 321 326]
  [322 325 329]
  [311 318 324]
  [312 317 329]
  [309 316 323]
  [315 316 320]
  [314 318 324]
  [309 312 317]
  [306 311 317]
  [306 313 319]
  [305 308 313]
  [305 307 309]
  [305 307 311]
  [301 304 307]
  [297 302 304]
  [299 302 307]
  [299 301 305]
  [294 297 301]
  [291 294 298]
  [290 293 297]
  [290 291 295]
  [281 286 291]
  [287 289 293]
  [278 283 290]
  [273 283 287]
  [275 282 286]
  [276 280 285]
  [277 281 285]
  [276 280 285]
  [261 273 281]]

 [[333 345 358]
  [357 359 362]
  [362 365 370]
  [368 371 375]
  [370 372 376]
  [370 374 378]
  [370 374 380]
  [375 378 380]
  [374 377 381]
  [371 373 376]
  [370 374 378]
  [371 374 380]
  [373 375 379]
  [368 372 377]
  [374 376 381]
  [368 373 379]
  [372 374 379]
  [369 374 380]
  [371 373 377]
  [376 378 383]
  [373 377 384]
  [373 377 380]
  [370 375 381]
  [373 377 382]
  [370 373 379]
  [369 374 380]
  [373 375 383]
  [370 374 379]
  [363 368 376]
  [362 366 369]
  [364 368 372]
  [365 367 371]
  [364 369 376]
  [363 365 368]
  [360 361 363]
  [353 358 362]
  [352 359 364]
  [344 353 362]
  [344 351 357]
  [306 342 357]
  [317 345 356]
  [343 348 351]
  [308 339 348]
  [233 290 338]
  [253 282 329]
  [276 326 345]
  [337 340 347]
  [327 332 339]
  [328 333 337]
  [320 329 339]
  [321 329 341]
  [329 334 341]
  [329 332 334]
  [324 330 333]
  [322 326 331]
  [321 325 330]
  [320 323 326]
  [315 322 325]
  [313 320 325]
  [316 321 324]
  [309 313 318]
  [311 313 315]
  [313 314 316]
  [310 316 320]
  [310 313 316]
  [309 314 317]
  [309 311 317]
  [305 308 314]
  [304 307 312]
  [304 307 312]
  [296 303 309]
  [298 302 307]
  [300 304 312]
  [299 301 306]
  [295 296 301]
  [291 294 297]
  [289 293 298]
  [279 287 295]
  [274 279 289]
  [282 287 293]
  [283 286 290]
  [280 287 291]
  [281 284 287]
  [275 279 284]
  [277 278 284]
  [270 273 279]
  [257 270 278]]

 [[334 345 358]
  [357 360 363]
  [358 362 370]
  [365 370 375]
  [366 371 374]
  [370 374 377]
  [370 372 376]
  [371 373 377]
  [372 376 379]
  [377 379 383]
  [372 375 380]
  [370 374 379]
  [369 373 377]
  [371 376 382]
  [376 378 382]
  [368 372 376]
  [368 373 379]
  [372 376 381]
  [371 376 380]
  [371 375 379]
  [369 375 382]
  [370 373 380]
  [374 378 385]
  [371 376 382]
  [368 374 378]
  [373 377 381]
  [368 438 765]
  [374 472 765]
  [363 468 765]
  [366 468 765]
  [357 463 765]
  [365 467 765]
  [366 467 765]
  [362 464 765]
  [359 463 765]
  [350 457 765]
  [357 462 765]
  [353 358 362]
  [351 353 359]
  [352 354 358]
  [349 355 363]
  [342 345 353]
  [344 346 352]
  [303 333 346]
  [211 264 322]
  [218 263 323]
  [290 327 340]
  [333 336 340]
  [327 330 335]
  [324 331 339]
  [329 334 338]
  [326 332 339]
  [324 328 336]
  [322 327 331]
  [324 327 331]
  [319 322 329]
  [317 322 327]
  [307 315 324]
  [274 293 314]
  [308 315 325]
  [307 314 319]
  [308 312 320]
  [314 317 323]
  [310 312 319]
  [311 315 320]
  [310 314 319]
  [306 309 314]
  [307 310 313]
  [302 305 309]
  [305 309 314]
  [301 305 312]
  [294 301 309]
  [298 301 304]
  [297 299 301]
  [295 299 305]
  [294 296 298]
  [290 293 300]
  [285 290 295]
  [281 284 290]
  [284 286 290]
  [285 287 289]
  [284 287 290]
  [281 284 287]
  [275 280 285]
  [271 278 285]
  [270 275 282]
  [258 272 280]]

 [[339 344 352]
  [351 357 360]
  [350 356 363]
  [360 366 372]
  [366 370 375]
  [367 370 378]
  [368 371 376]
  [372 376 382]
  [371 375 379]
  [376 378 380]
  [371 377 382]
  [376 378 381]
  [371 375 382]
  [372 375 381]
  [370 375 383]
  [370 377 384]
  [369 375 380]
  [365 370 375]
  [373 375 379]
  [375 376 380]
  [373 378 385]
  [369 372 377]
  [365 373 376]
  [362 371 377]
  [368 375 381]
  [370 374 378]
  [371 634 765]
  [765 765 765]
  [765 765 765]
  [765 765 765]
  [765 765 765]
  [765 765 765]
  [765 765 765]
  [765 765 765]
  [765 765 765]
  [765 765 765]
  [765 765 765]
  [354 357 361]
  [354 356 359]
  [353 355 358]
  [347 354 361]
  [345 347 351]
  [345 347 352]
  [332 342 350]
  [314 333 340]
  [225 294 338]
  [240 293 332]
  [334 338 342]
  [333 337 340]
  [330 334 337]
  [332 336 341]
  [330 332 340]
  [333 335 338]
  [327 330 334]
  [328 332 338]
  [318 323 331]
  [314 321 325]
  [312 320 325]
  [301 312 319]
  [313 317 320]
  [311 315 320]
  [304 310 319]
  [313 319 323]
  [312 315 320]
  [314 317 323]
  [309 312 316]
  [305 309 312]
  [306 309 313]
  [301 304 307]
  [296 303 311]
  [305 308 311]
  [295 299 303]
  [297 299 302]
  [293 298 300]
  [295 299 306]
  [290 296 300]
  [288 291 295]
  [287 289 295]
  [282 284 288]
  [286 288 291]
  [284 287 292]
  [279 282 286]
  [280 283 286]
  [281 283 289]
  [277 280 284]
  [274 278 285]
  [256 271 279]]

 [[321 332 346]
  [341 353 365]
  [359 361 366]
  [361 365 370]
  [365 370 379]
  [368 373 379]
  [368 373 380]
  [363 369 376]
  [367 372 378]
  [370 374 379]
  [377 379 382]
  [373 375 378]
  [372 376 380]
  [371 373 380]
  [367 372 376]
  [372 376 382]
  [367 374 379]
  [371 374 379]
  [365 372 379]
  [367 371 377]
  [369 374 377]
  [363 371 377]
  [334 356 370]
  [331 349 361]
  [360 371 381]
  [372 376 380]
  [374 635 765]
  [765 765 765]
  [765 765 765]
  [765 765 765]
  [765 765 765]
  [765 765 765]
  [765 765 765]
  [765 765 765]
  [765 765 765]
  [765 765 765]
  [765 765 765]
  [352 355 360]
  [348 350 355]
  [351 355 360]
  [344 356 366]
  [340 346 355]
  [343 347 354]
  [338 341 346]
  [336 340 345]
  [329 336 342]
  [332 338 341]
  [335 338 342]
  [329 335 339]
  [325 330 335]
  [336 337 340]
  [328 331 337]
  [325 331 337]
  [324 327 330]
  [325 328 331]
  [322 326 330]
  [322 325 329]
  [316 323 328]
  [309 316 328]
  [316 322 326]
  [317 320 325]
  [309 313 322]
  [310 315 321]
  [310 314 321]
  [307 314 319]
  [304 307 314]
  [305 309 314]
  [297 302 307]
  [298 303 308]
  [298 302 305]
  [299 304 310]
  [297 300 304]
  [298 302 308]
  [294 298 306]
  [295 297 300]
  [290 292 296]
  [292 295 299]
  [277 285 294]
  [275 279 285]
  [285 288 292]
  [283 286 289]
  [278 281 285]
  [282 285 288]
  [282 283 287]
  [279 281 284]
  [274 278 284]
  [259 272 281]]

 [[328 339 351]
  [354 361 367]
  [355 359 365]
  [357 361 366]
  [367 371 376]
  [364 368 375]
  [367 371 376]
  [367 372 376]
  [371 374 381]
  [374 377 382]
  [367 373 381]
  [367 370 373]
  [365 371 376]
  [367 371 374]
  [368 373 376]
  [365 369 375]
  [367 370 375]
  [370 373 378]
  [369 373 377]
  [364 371 377]
  [363 369 374]
  [365 372 377]
  [334 344 355]
  [329 340 353]
  [351 362 372]
  [370 373 378]
  [373 635 765]
  [765 765 765]
  [765 765 765]
  [765 765 765]
  [765 765 765]
  [765 765 765]
  [765 765 765]
  [765 765 765]
  [765 765 765]
  [765 765 765]
  [765 765 765]
  [349 356 362]
  [352 356 361]
  [349 352 360]
  [344 360 377]
  [340 343 348]
  [343 346 349]
  [335 340 348]
  [331 340 345]
  [330 336 344]
  [339 341 343]
  [335 337 340]
  [325 330 337]
  [305 319 333]
  [319 328 338]
  [322 328 334]
  [325 330 339]
  [319 326 332]
  [318 323 333]
  [324 328 334]
  [317 323 332]
  [317 324 333]
  [311 319 329]
  [313 319 326]
  [309 318 324]
  [311 317 323]
  [312 315 318]
  [311 313 318]
  [309 313 317]
  [311 315 321]
  [305 310 315]
  [294 300 305]
  [302 307 312]
  [303 306 311]
  [300 303 308]
  [300 304 307]
  [297 303 311]
  [295 301 307]
  [290 296 304]
  [291 295 301]
  [291 293 297]
  [280 290 295]
  [281 287 292]
  [286 288 291]
  [281 286 289]
  [282 286 289]
  [277 282 287]
  [272 279 286]
  [274 279 284]
  [270 275 278]
  [257 272 281]]

 [[331 341 355]
  [352 359 366]
  [359 363 367]
  [362 365 371]
  [362 366 372]
  [365 368 371]
  [366 371 377]
  [370 372 375]
  [369 374 379]
  [372 375 379]
  [366 372 382]
  [367 370 375]
  [367 370 377]
  [365 370 374]
  [367 369 374]
  [365 370 377]
  [368 371 374]
  [362 370 377]
  [367 372 378]
  [365 369 375]
  [364 370 379]
  [366 369 374]
  [347 362 371]
  [340 359 370]
  [364 368 374]
  [361 371 381]
  [374 635 765]
  [765 765 765]
  [765 765 765]
  [765 765 765]
  [765 765 765]
  [765 765 765]
  [765 765 765]
  [765 765 765]
  [765 765 765]
  [765 765 765]
  [765 765 765]
  [351 354 359]
  [353 357 364]
  [349 353 356]
  [352 364 380]
  [339 343 348]
  [337 343 348]
  [342 345 349]
  [341 344 348]
  [334 339 343]
  [333 337 346]
  [333 336 341]
  [332 334 337]
  [320 328 336]
  [324 329 336]
  [331 337 342]
  [328 332 336]
  [325 328 334]
  [321 326 331]
  [324 328 334]
  [321 327 332]
  [311 319 328]
  [302 312 319]
  [314 318 323]
  [305 315 322]
  [309 312 318]
  [308 311 319]
  [306 315 320]
  [311 315 319]
  [304 313 320]
  [306 309 314]
  [299 301 306]
  [295 301 310]
  [299 302 305]
  [297 301 305]
  [298 305 314]
  [296 299 306]
  [294 297 300]
  [290 295 299]
  [295 297 299]
  [291 294 298]
  [291 293 296]
  [283 289 292]
  [283 285 290]
  [279 284 290]
  [276 277 281]
  [277 279 284]
  [270 277 281]
  [278 281 284]
  [276 277 278]
  [258 272 281]]

 [[322 338 351]
  [348 354 359]
  [355 358 362]
  [359 362 369]
  [362 366 371]
  [364 367 370]
  [369 370 375]
  [364 368 373]
  [369 372 376]
  [367 371 374]
  [369 373 378]
  [366 369 376]
  [365 369 373]
  [363 367 373]
  [363 370 375]
  [370 373 377]
  [365 369 375]
  [359 364 373]
  [365 369 374]
  [370 374 377]
  [373 377 381]
  [368 374 379]
  [364 371 376]
  [358 370 377]
  [358 367 375]
  [365 373 379]
  [368 634 765]
  [765 765 765]
  [765 765 765]
  [765 765 765]
  [765 765 765]
  [765 765 765]
  [765 765 765]
  [765 765 765]
  [765 765 765]
  [765 765 765]
  [765 765 765]
  [356 358 362]
  [349 353 358]
  [349 356 360]
  [353 371 393]
  [338 343 347]
  [343 347 350]
  [336 339 342]
  [339 344 350]
  [335 340 347]
  [329 333 338]
  [336 338 342]
  [333 337 341]
  [326 335 340]
  [322 328 332]
  [325 330 338]
  [323 327 334]
  [323 326 329]
  [320 322 325]
  [319 322 326]
  [312 319 327]
  [307 311 316]
  [310 317 322]
  [315 320 324]
  [307 315 322]
  [308 312 318]
  [308 310 314]
  [305 309 315]
  [312 316 320]
  [305 308 312]
  [307 310 314]
  [301 304 309]
  [299 301 305]
  [298 302 307]
  [297 299 303]
  [298 301 309]
  [298 300 302]
  [289 294 303]
  [286 290 294]
  [291 293 296]
  [287 289 294]
  [286 288 293]
  [281 283 288]
  [283 284 286]
  [278 280 284]
  [270 277 285]
  [271 276 282]
  [268 275 278]
  [274 278 280]
  [274 277 280]
  [257 267 277]]

 [[328 337 349]
  [349 352 358]
  [353 359 367]
  [355 362 368]
  [361 365 371]
  [361 366 374]
  [367 371 377]
  [367 371 374]
  [368 374 381]
  [370 374 380]
  [369 373 380]
  [372 375 380]
  [369 374 378]
  [367 370 375]
  [364 369 374]
  [365 374 379]
  [361 371 378]
  [368 373 378]
  [370 374 381]
  [369 370 375]
  [364 370 378]
  [363 372 377]
  [367 374 384]
  [361 370 381]
  [349 358 372]
  [367 373 379]
  [371 634 765]
  [765 765 765]
  [765 765 765]
  [765 765 765]
  [765 765 765]
  [765 765 765]
  [765 765 765]
  [765 765 765]
  [765 765 765]
  [765 765 765]
  [765 765 765]
  [354 358 366]
  [350 354 357]
  [352 358 365]
  [359 379 406]
  [340 344 349]
  [344 347 352]
  [333 339 346]
  [336 340 345]
  [334 336 340]
  [333 335 339]
  [334 336 340]
  [327 330 335]
  [326 332 339]
  [327 331 336]
  [326 330 334]
  [325 327 332]
  [325 328 332]
  [323 328 336]
  [320 327 334]
  [306 313 322]
  [304 312 319]
  [303 312 320]
  [311 316 321]
  [308 313 320]
  [300 307 319]
  [301 307 311]
  [297 305 314]
  [310 314 318]
  [307 312 317]
  [305 312 316]
  [303 307 315]
  [299 301 304]
  [297 299 304]
  [300 302 306]
  [294 299 303]
  [296 298 301]
  [291 294 299]
  [291 294 296]
  [289 295 298]
  [285 289 295]
  [286 289 293]
  [279 282 287]
  [283 285 291]
  [278 281 285]
  [272 278 284]
  [276 279 283]
  [271 276 284]
  [274 277 283]
  [272 276 280]
  [256 266 275]]

 [[324 335 349]
  [346 356 364]
  [353 357 362]
  [358 362 368]
  [363 365 370]
  [361 364 369]
  [365 368 372]
  [368 370 374]
  [367 371 376]
  [361 370 377]
  [373 377 381]
  [369 372 378]
  [366 370 374]
  [369 372 377]
  [366 370 376]
  [364 373 380]
  [372 375 380]
  [370 372 378]
  [369 373 378]
  [368 373 379]
  [367 375 382]
  [364 373 380]
  [373 378 386]
  [372 376 384]
  [370 375 380]
  [365 371 380]
  [364 631 765]
  [765 765 765]
  [765 765 765]
  [765 765 765]
  [765 765 765]
  [765 765 765]
  [765 765 765]
  [765 765 765]
  [765 765 765]
  [765 765 765]
  [765 765 765]
  [349 357 365]
  [352 355 357]
  [351 357 364]
  [358 390 427]
  [338 342 349]
  [343 347 352]
  [329 336 348]
  [333 338 344]
  [327 332 337]
  [328 334 338]
  [321 329 333]
  [328 331 336]
  [325 329 336]
  [326 332 337]
  [325 328 331]
  [318 324 333]
  [316 321 327]
  [322 325 328]
  [321 325 332]
  [318 321 324]
  [307 314 319]
  [303 315 323]
  [308 313 317]
  [309 313 318]
  [309 311 314]
  [301 310 315]
  [301 307 314]
  [307 312 317]
  [301 305 310]
  [299 303 310]
  [296 301 305]
  [299 303 306]
  [297 302 309]
  [298 303 308]
  [293 299 306]
  [291 293 301]
  [289 293 297]
  [287 292 297]
  [280 286 292]
  [286 288 293]
  [286 290 296]
  [285 286 288]
  [281 284 288]
  [277 280 283]
  [276 279 284]
  [274 277 283]
  [272 275 281]
  [272 273 275]
  [267 270 274]
  [257 269 277]]

 [[330 339 351]
  [353 357 362]
  [356 359 364]
  [357 360 364]
  [364 368 373]
  [365 369 374]
  [360 366 373]
  [363 368 372]
  [361 366 371]
  [362 365 368]
  [367 372 379]
  [362 367 373]
  [358 366 371]
  [361 366 371]
  [364 369 374]
  [368 370 373]
  [364 368 378]
  [368 371 377]
  [362 364 368]
  [367 371 376]
  [365 373 382]
  [365 368 373]
  [365 373 380]
  [372 376 381]
  [369 377 381]
  [364 369 377]
  [369 634 765]
  [765 765 765]
  [765 765 765]
  [765 765 765]
  [765 765 765]
  [765 765 765]
  [765 765 765]
  [765 765 765]
  [765 765 765]
  [765 765 765]
  [765 765 765]
  [356 359 363]
  [351 354 361]
  [350 358 368]
  [362 384 411]
  [336 343 349]
  [341 345 349]
  [336 342 348]
  [329 335 344]
  [325 329 336]
  [325 329 335]
  [317 323 329]
  [327 331 338]
  [323 330 338]
  [320 326 333]
  [321 326 331]
  [317 323 330]
  [316 322 327]
  [317 321 326]
  [320 323 328]
  [317 321 326]
  [306 314 318]
  [303 313 322]
  [305 311 316]
  [308 310 316]
  [306 309 314]
  [304 307 311]
  [302 307 313]
  [301 306 311]
  [297 301 307]
  [297 302 306]
  [294 301 307]
  [298 301 306]
  [295 297 300]
  [293 296 302]
  [290 294 301]
  [290 293 297]
  [286 290 295]
  [284 290 294]
  [282 286 291]
  [285 289 292]
  [283 288 291]
  [286 287 291]
  [281 285 288]
  [275 279 286]
  [278 279 281]
  [275 278 281]
  [268 277 284]
  [270 275 279]
  [269 273 277]
  [257 266 275]]

 [[329 341 352]
  [350 353 358]
  [353 356 361]
  [354 360 367]
  [353 359 367]
  [358 363 368]
  [362 366 372]
  [366 369 373]
  [353 362 371]
  [358 366 370]
  [369 371 375]
  [368 371 377]
  [366 368 370]
  [363 369 374]
  [364 370 375]
  [357 364 369]
  [357 365 372]
  [368 372 377]
  [363 367 374]
  [365 372 378]
  [366 373 379]
  [362 370 379]
  [373 375 379]
  [371 375 379]
  [362 368 377]
  [358 369 376]
  [361 566 765]
  [358 664 765]
  [356 662 765]
  [363 665 765]
  [368 666 765]
  [361 664 765]
  [363 664 765]
  [363 665 765]
  [356 663 765]
  [358 663 765]
  [361 664 765]
  [348 356 362]
  [344 349 354]
  [347 354 361]
  [360 378 403]
  [339 343 347]
  [341 343 348]
  [333 338 344]
  [332 336 342]
  [331 336 341]
  [332 335 341]
  [329 331 336]
  [324 330 335]
  [322 329 334]
  [324 327 331]
  [320 323 327]
  [316 319 328]
  [316 320 325]
  [317 319 323]
  [313 318 326]
  [312 316 321]
  [312 314 318]
  [312 315 318]
  [309 311 316]
  [308 311 315]
  [307 311 315]
  [304 307 309]
  [297 302 306]
  [302 304 308]
  [296 302 308]
  [300 303 307]
  [293 297 300]
  [296 299 302]
  [297 299 302]
  [290 292 296]
  [288 292 299]
  [291 295 300]
  [288 291 293]
  [287 291 294]
  [285 290 295]
  [283 288 293]
  [282 284 289]
  [280 282 285]
  [285 287 290]
  [273 278 283]
  [273 275 278]
  [268 274 280]
  [272 274 278]
  [273 275 278]
  [266 269 275]
  [254 265 274]]

 [[330 340 352]
  [343 350 356]
  [356 360 365]
  [356 361 370]
  [357 364 369]
  [356 362 372]
  [359 364 370]
  [359 362 366]
  [365 367 372]
  [364 368 372]
  [369 373 377]
  [365 370 376]
  [363 369 374]
  [371 375 379]
  [368 374 380]
  [364 373 379]
  [363 370 375]
  [369 373 380]
  [366 370 374]
  [367 371 378]
  [366 369 376]
  [365 368 374]
  [369 372 377]
  [363 372 379]
  [363 369 377]
  [359 365 374]
  [357 359 364]
  [355 361 370]
  [357 361 365]
  [358 363 370]
  [358 362 368]
  [358 362 368]
  [361 363 367]
  [360 363 369]
  [357 361 365]
  [355 357 360]
  [353 362 368]
  [348 355 363]
  [344 349 354]
  [352 355 361]
  [347 376 408]
  [332 340 347]
  [340 344 349]
  [332 339 344]
  [337 342 345]
  [338 340 345]
  [333 336 341]
  [328 332 336]
  [324 327 332]
  [325 328 331]
  [319 325 329]
  [317 321 328]
  [317 322 326]
  [316 319 324]
  [312 321 326]
  [313 316 320]
  [311 314 318]
  [307 312 316]
  [305 308 312]
  [305 307 310]
  [304 306 310]
  [306 308 313]
  [300 302 308]
  [297 299 301]
  [298 302 305]
  [288 295 300]
  [290 295 300]
  [292 296 299]
  [288 294 301]
  [289 292 299]
  [288 292 295]
  [284 288 292]
  [284 287 292]
  [280 284 289]
  [283 286 291]
  [285 288 291]
  [282 287 291]
  [275 280 287]
  [282 285 287]
  [280 283 287]
  [277 279 283]
  [276 278 281]
  [269 274 279]
  [270 274 278]
  [267 270 274]
  [266 268 271]
  [254 263 269]]

 [[329 337 345]
  [344 347 354]
  [349 354 364]
  [355 361 369]
  [351 360 367]
  [358 365 371]
  [358 362 371]
  [361 365 369]
  [363 367 372]
  [360 366 373]
  [363 368 372]
  [365 370 377]
  [367 372 377]
  [366 370 374]
  [365 370 375]
  [360 367 376]
  [365 368 371]
  [358 362 366]
  [356 361 373]
  [359 369 375]
  [363 369 373]
  [357 361 366]
  [363 370 376]
  [360 364 369]
  [363 366 370]
  [355 362 367]
  [359 364 368]
  [359 364 372]
  [355 362 367]
  [352 359 368]
  [350 359 363]
  [352 358 364]
  [350 360 368]
  [351 362 370]
  [351 356 361]
  [358 361 363]
  [352 356 361]
  [349 355 360]
  [346 352 356]
  [346 355 360]
  [345 373 407]
  [330 337 342]
  [330 339 346]
  [330 339 345]
  [322 331 341]
  [325 332 339]
  [312 331 340]
  [316 326 335]
  [307 321 328]
  [306 319 327]
  [302 314 322]
  [305 313 318]
  [301 312 319]
  [301 311 317]
  [299 308 314]
  [285 300 309]
  [290 304 311]
  [284 299 311]
  [281 298 309]
  [283 302 312]
  [285 301 310]
  [273 294 307]
  [270 287 300]
  [255 283 299]
  [263 288 300]
  [258 279 294]
  [261 278 289]
  [266 284 298]
  [263 285 300]
  [261 281 297]
  [256 279 291]
  [257 277 291]
  [254 274 289]
  [250 272 283]
  [254 274 287]
  [249 274 289]
  [249 272 289]
  [244 267 282]
  [247 267 279]
  [247 270 285]
  [244 264 283]
  [242 264 278]
  [243 262 279]
  [239 260 277]
  [233 258 271]
  [232 254 268]
  [227 251 269]]

 [[305 320 336]
  [320 335 349]
  [327 340 356]
  [330 344 360]
  [329 343 357]
  [327 344 356]
  [332 345 355]
  [336 350 360]
  [327 346 364]
  [326 348 366]
  [336 349 362]
  [331 350 365]
  [335 354 368]
  [330 348 361]
  [332 349 365]
  [326 346 363]
  [331 351 366]
  [330 348 360]
  [331 349 369]
  [330 349 371]
  [341 355 371]
  [338 356 375]
  [335 350 372]
  [332 349 368]
  [333 350 368]
  [326 345 365]
  [330 348 366]
  [324 344 366]
  [323 342 362]
  [323 342 364]
  [320 339 359]
  [320 337 352]
  [325 339 358]
  [328 342 358]
  [327 342 363]
  [326 341 356]
  [324 338 355]
  [323 337 352]
  [321 332 348]
  [319 331 351]
  [335 363 399]
  [313 326 339]
  [311 323 340]
  [313 328 343]
  [307 323 343]
  [310 321 337]
  [296 318 340]
  [300 313 332]
  [292 313 329]
  [293 312 329]
  [291 309 325]
  [289 306 317]
  [285 300 312]
  [282 298 309]
  [284 300 315]
  [274 296 310]
  [277 296 310]
  [278 295 305]
  [260 285 302]
  [273 292 307]
  [271 290 304]
  [267 286 300]
  [256 278 294]
  [199 246 289]
  [210 242 263]
  [261 275 288]
  [263 283 293]
  [260 281 293]
  [255 277 289]
  [256 276 286]
  [261 276 286]
  [258 275 284]
  [258 274 284]
  [252 267 276]
  [257 268 276]
  [254 270 279]
  [257 271 279]
  [253 272 282]
  [257 270 278]
  [257 274 283]
  [258 270 276]
  [256 266 273]
  [255 266 272]
  [252 266 273]
  [249 261 268]
  [245 260 267]
  [236 252 262]]

 [[326 332 337]
  [337 345 353]
  [352 355 360]
  [355 358 363]
  [352 357 364]
  [354 357 362]
  [354 357 362]
  [352 360 367]
  [361 364 368]
  [360 364 368]
  [360 366 371]
  [361 366 369]
  [361 366 371]
  [363 365 368]
  [362 365 371]
  [354 363 371]
  [349 358 363]
  [363 366 370]
  [361 365 370]
  [362 368 373]
  [367 370 376]
  [368 371 377]
  [370 376 379]
  [362 369 379]
  [355 360 364]
  [354 362 369]
  [361 363 368]
  [356 361 366]
  [350 358 361]
  [355 359 363]
  [358 361 365]
  [355 360 365]
  [358 362 367]
  [357 361 366]
  [352 357 361]
  [351 355 358]
  [351 353 357]
  [352 354 358]
  [341 345 351]
  [341 346 353]
  [350 370 394]
  [336 339 344]
  [336 340 345]
  [338 341 345]
  [335 339 345]
  [332 335 338]
  [327 331 340]
  [321 325 329]
  [321 327 333]
  [321 323 330]
  [317 322 325]
  [315 318 322]
  [314 318 322]
  [308 311 316]
  [308 312 318]
  [302 306 311]
  [303 306 309]
  [297 301 307]
  [299 303 306]
  [300 303 308]
  [298 303 307]
  [294 300 305]
  [285 290 299]
  [282 287 294]
  [282 292 300]
  [286 295 305]
  [281 286 294]
  [285 288 293]
  [282 286 291]
  [276 280 282]
  [279 283 287]
  [278 282 287]
  [277 280 284]
  [275 279 284]
  [273 277 283]
  [269 272 277]
  [270 275 282]
  [275 278 280]
  [272 276 280]
  [271 275 282]
  [267 272 276]
  [269 270 275]
  [268 269 272]
  [265 270 273]
  [260 263 266]
  [260 264 268]
  [245 257 266]]

 [[326 334 339]
  [341 346 352]
  [348 351 356]
  [347 351 358]
  [353 356 363]
  [350 355 359]
  [353 357 361]
  [354 360 365]
  [359 362 367]
  [360 364 368]
  [361 366 373]
  [356 362 369]
  [356 364 370]
  [363 365 368]
  [356 361 366]
  [359 363 367]
  [359 366 369]
  [356 361 368]
  [356 364 371]
  [363 369 375]
  [366 368 371]
  [367 371 376]
  [364 370 376]
  [362 370 382]
  [361 367 372]
  [355 361 368]
  [362 365 370]
  [362 367 370]
  [359 361 365]
  [357 361 368]
  [347 353 363]
  [353 356 364]
  [352 356 360]
  [352 357 363]
  [349 355 361]
  [353 356 360]
  [350 353 358]
  [347 353 358]
  [343 344 347]
  [344 350 358]
  [337 361 382]
  [327 333 343]
  [330 335 338]
  [328 337 342]
  [330 335 341]
  [324 329 337]
  [327 330 336]
  [314 323 329]
  [318 322 325]
  [316 319 322]
  [312 316 319]
  [314 316 319]
  [312 316 321]
  [300 305 312]
  [301 303 309]
  [301 302 305]
  [301 304 308]
  [294 300 303]
  [298 303 308]
  [298 302 307]
  [293 297 303]
  [293 297 300]
  [284 289 298]
  [283 287 293]
  [289 294 299]
  [289 293 298]
  [286 289 292]
  [279 284 287]
  [276 282 288]
  [275 279 282]
  [281 282 285]
  [278 281 284]
  [275 278 284]
  [271 275 278]
  [270 275 281]
  [265 272 280]
  [258 269 274]
  [271 274 278]
  [270 273 277]
  [271 274 278]
  [268 271 276]
  [266 271 274]
  [264 267 272]
  [262 268 274]
  [262 266 271]
  [262 265 269]
  [249 260 267]]

 [[323 333 341]
  [342 346 354]
  [349 354 359]
  [352 355 360]
  [355 358 362]
  [354 358 362]
  [356 360 364]
  [359 360 363]
  [358 360 364]
  [357 362 367]
  [359 363 367]
  [360 364 369]
  [356 362 367]
  [365 366 368]
  [361 366 371]
  [357 364 369]
  [360 366 372]
  [359 362 367]
  [356 359 364]
  [357 361 364]
  [359 363 368]
  [362 365 370]
  [360 368 372]
  [352 359 367]
  [359 368 374]
  [361 366 372]
  [363 367 371]
  [363 367 373]
  [359 362 370]
  [357 359 363]
  [348 351 354]
  [345 354 361]
  [350 355 361]
  [349 354 361]
  [348 352 361]
  [344 349 354]
  [342 346 354]
  [340 349 356]
  [337 346 352]
  [339 344 351]
  [334 354 375]
  [326 330 332]
  [328 332 335]
  [324 329 334]
  [328 333 340]
  [326 330 333]
  [328 330 333]
  [317 320 326]
  [314 321 328]
  [320 323 327]
  [308 316 323]
  [308 314 319]
  [307 311 321]
  [297 303 310]
  [304 307 312]
  [302 305 310]
  [302 304 310]
  [297 301 308]
  [294 298 302]
  [295 298 303]
  [295 297 299]
  [284 292 297]
  [287 292 296]
  [285 289 292]
  [287 293 301]
  [285 290 297]
  [284 287 292]
  [281 285 290]
  [278 282 289]
  [272 277 281]
  [277 280 284]
  [273 276 280]
  [278 280 284]
  [274 278 281]
  [268 274 281]
  [268 270 275]
  [266 273 279]
  [272 275 279]
  [270 276 281]
  [270 274 282]
  [267 269 273]
  [269 271 275]
  [266 270 273]
  [260 266 272]
  [262 265 269]
  [264 267 270]
  [250 259 266]]

 [[319 331 345]
  [339 349 356]
  [349 355 361]
  [347 352 358]
  [350 354 359]
  [358 360 363]
  [355 357 360]
  [350 356 364]
  [356 361 367]
  [350 356 360]
  [349 354 361]
  [351 357 362]
  [358 363 368]
  [360 363 366]
  [358 362 369]
  [355 361 368]
  [355 358 363]
  [359 361 368]
  [359 363 368]
  [367 369 372]
  [361 366 371]
  [362 365 370]
  [362 367 371]
  [355 361 369]
  [359 365 371]
  [357 363 369]
  [357 366 372]
  [362 366 369]
  [362 364 369]
  [354 360 368]
  [353 356 360]
  [346 350 356]
  [352 355 359]
  [351 356 360]
  [348 352 355]
  [345 349 353]
  [336 340 343]
  [338 342 345]
  [335 339 346]
  [338 342 346]
  [330 346 362]
  [326 331 337]
  [326 331 336]
  [321 326 332]
  [321 325 331]
  [322 326 332]
  [323 328 336]
  [320 322 327]
  [316 321 325]
  [310 315 321]
  [310 315 322]
  [311 314 319]
  [308 311 316]
  [304 307 312]
  [297 305 313]
  [299 303 308]
  [299 302 305]
  [287 295 303]
  [288 291 295]
  [292 294 299]
  [291 293 297]
  [286 289 293]
  [285 289 294]
  [276 281 288]
  [281 290 297]
  [280 287 294]
  [282 285 288]
  [274 278 285]
  [274 278 284]
  [276 281 285]
  [275 280 285]
  [265 271 276]
  [270 276 281]
  [272 276 281]
  [269 275 282]
  [261 267 271]
  [253 259 269]
  [265 271 276]
  [267 272 279]
  [266 270 274]
  [262 265 269]
  [258 260 265]
  [259 263 266]
  [262 264 269]
  [262 265 268]
  [262 266 271]
  [249 259 268]]

 [[321 327 339]
  [336 343 351]
  [340 344 351]
  [344 352 358]
  [353 358 363]
  [352 359 363]
  [356 358 361]
  [345 353 360]
  [356 358 361]
  [353 357 360]
  [351 357 363]
  [353 358 362]
  [354 361 366]
  [356 359 365]
  [356 358 361]
  [353 358 362]
  [342 355 363]
  [362 365 369]
  [363 364 368]
  [357 363 366]
  [363 366 369]
  [361 367 371]
  [363 366 372]
  [361 364 371]
  [356 360 366]
  [354 362 368]
  [354 357 362]
  [359 362 365]
  [358 360 363]
  [356 361 365]
  [353 355 360]
  [348 352 357]
  [343 349 354]
  [345 349 353]
  [348 351 356]
  [343 347 352]
  [340 342 346]
  [337 343 347]
  [333 339 344]
  [334 338 343]
  [329 344 360]
  [326 331 335]
  [327 330 334]
  [324 329 334]
  [319 324 329]
  [320 321 323]
  [317 321 324]
  [322 325 330]
  [317 320 323]
  [310 315 320]
  [307 313 318]
  [305 310 314]
  [309 311 314]
  [303 306 309]
  [289 300 305]
  [294 300 308]
  [296 301 307]
  [272 283 294]
  [286 291 298]
  [293 295 298]
  [286 290 294]
  [282 288 294]
  [286 289 292]
  [289 290 296]
  [285 287 291]
  [278 283 288]
  [276 280 284]
  [275 277 281]
  [270 274 278]
  [270 275 279]
  [269 274 279]
  [276 278 282]
  [270 276 280]
  [272 274 277]
  [267 271 276]
  [267 270 274]
  [263 266 273]
  [261 270 275]
  [270 271 274]
  [267 269 272]
  [263 266 269]
  [259 263 270]
  [254 259 263]
  [256 263 267]
  [255 261 265]
  [262 264 268]
  [247 257 266]]

 [[318 332 344]
  [344 347 352]
  [343 347 353]
  [342 352 360]
  [354 357 363]
  [356 359 364]
  [353 355 358]
  [353 357 362]
  [351 360 366]
  [355 359 364]
  [354 356 363]
  [346 354 360]
  [352 358 364]
  [353 359 363]
  [358 360 364]
  [353 355 361]
  [356 358 363]
  [359 361 365]
  [358 362 366]
  [356 361 366]
  [360 363 368]
  [363 365 370]
  [362 366 372]
  [363 366 371]
  [364 365 370]
  [365 369 376]
  [360 364 368]
  [356 360 364]
  [358 360 364]
  [356 359 362]
  [352 354 359]
  [348 351 356]
  [342 349 355]
  [343 346 351]
  [339 345 350]
  [344 347 352]
  [336 342 347]
  [339 342 347]
  [333 341 344]
  [336 338 341]
  [327 345 363]
  [320 323 326]
  [323 327 330]
  [322 325 327]
  [321 324 327]
  [318 321 326]
  [317 319 323]
  [316 318 322]
  [309 317 322]
  [311 315 321]
  [308 312 317]
  [305 307 311]
  [307 310 315]
  [303 306 311]
  [297 300 305]
  [295 300 308]
  [297 299 303]
  [287 293 297]
  [290 295 301]
  [291 294 300]
  [283 287 293]
  [276 280 284]
  [281 287 294]
  [287 292 298]
  [283 286 292]
  [280 284 291]
  [280 282 286]
  [277 282 287]
  [274 279 286]
  [269 275 280]
  [273 278 282]
  [271 273 277]
  [264 272 280]
  [268 274 279]
  [270 273 277]
  [208 258 276]
  [209 255 275]
  [264 268 274]
  [269 271 273]
  [267 269 272]
  [260 265 271]
  [263 265 269]
  [261 264 268]
  [260 262 264]
  [258 264 267]
  [258 260 265]
  [246 256 264]]

 [[310 326 340]
  [344 347 350]
  [343 348 354]
  [346 354 360]
  [347 353 360]
  [350 352 358]
  [351 355 361]
  [350 356 361]
  [349 353 357]
  [352 354 359]
  [351 357 362]
  [351 355 359]
  [348 353 357]
  [346 352 357]
  [355 357 360]
  [349 354 361]
  [353 355 359]
  [357 360 366]
  [351 357 361]
  [355 358 363]
  [358 362 366]
  [357 361 365]
  [360 364 369]
  [361 363 367]
  [360 363 365]
  [360 363 367]
  [357 360 367]
  [354 358 363]
  [350 356 361]
  [349 352 355]
  [351 356 360]
  [347 352 359]
  [344 347 355]
  [340 345 348]
  [337 341 344]
  [338 342 351]
  [339 343 345]
  [339 342 346]
  [331 334 338]
  [336 338 342]
  [322 341 356]
  [322 325 329]
  [322 324 327]
  [323 326 330]
  [321 325 329]
  [317 322 327]
  [313 316 319]
  [316 319 322]
  [310 314 322]
  [309 312 316]
  [307 310 315]
  [305 308 314]
  [303 306 308]
  [301 305 309]
  [295 300 306]
  [296 299 302]
  [298 303 307]
  [290 296 300]
  [291 295 298]
  [290 291 294]
  [287 290 297]
  [279 285 293]
  [287 288 291]
  [284 288 292]
  [280 284 290]
  [278 283 286]
  [275 281 286]
  [271 278 284]
  [271 274 280]
  [270 275 279]
  [274 276 280]
  [275 278 281]
  [275 277 281]
  [270 275 280]
  [269 271 274]
  [216 256 268]
  [164 198 248]
  [167 233 267]
  [258 267 271]
  [262 265 269]
  [255 262 270]
  [264 265 269]
  [261 263 268]
  [260 262 265]
  [261 262 265]
  [257 261 265]
  [246 254 264]]

 [[314 326 338]
  [340 344 348]
  [345 349 357]
  [346 355 360]
  [350 354 360]
  [352 355 362]
  [353 356 360]
  [353 358 361]
  [345 350 356]
  [348 352 357]
  [350 354 359]
  [352 355 360]
  [350 354 360]
  [351 353 360]
  [350 355 360]
  [345 349 355]
  [351 354 357]
  [353 358 365]
  [351 358 364]
  [358 360 365]
  [350 356 359]
  [358 360 362]
  [356 359 362]
  [357 359 362]
  [357 361 364]
  [349 357 362]
  [348 354 360]
  [349 354 358]
  [344 349 354]
  [342 351 355]
  [346 352 356]
  [344 348 353]
  [341 345 349]
  [340 349 354]
  [341 346 349]
  [336 340 347]
  [336 341 347]
  [332 337 343]
  [328 331 336]
  [331 335 340]
  [323 337 348]
  [319 327 335]
  [317 324 333]
  [318 323 330]
  [314 320 328]
  [316 320 326]
  [317 319 323]
  [316 318 321]
  [314 317 322]
  [307 311 315]
  [306 310 314]
  [305 308 311]
  [301 305 308]
  [306 307 309]
  [300 304 308]
  [299 301 305]
  [296 299 303]
  [289 295 299]
  [288 292 298]
  [286 290 296]
  [284 289 293]
  [284 289 293]
  [284 288 299]
  [283 288 294]
  [284 286 289]
  [280 284 288]
  [276 279 284]
  [276 280 283]
  [275 279 283]
  [274 275 278]
  [272 277 281]
  [278 281 284]
  [273 278 284]
  [274 276 280]
  [272 274 277]
  [268 269 273]
  [208 254 267]
  [179 214 255]
  [174 220 265]
  [243 258 265]
  [255 262 268]
  [263 265 267]
  [255 261 265]
  [251 260 266]
  [257 261 265]
  [251 258 261]
  [247 255 262]]

 [[311 325 337]
  [334 341 349]
  [337 348 357]
  [345 348 352]
  [349 352 354]
  [351 354 361]
  [344 352 358]
  [346 352 357]
  [349 355 361]
  [351 354 358]
  [348 354 361]
  [346 349 354]
  [349 353 360]
  [345 352 359]
  [346 351 357]
  [344 347 357]
  [351 354 358]
  [352 354 361]
  [349 355 360]
  [352 357 361]
  [348 355 362]
  [355 359 363]
  [354 359 362]
  [353 358 361]
  [355 358 363]
  [355 357 362]
  [345 349 355]
  [349 351 353]
  [320 338 351]
  [338 346 349]
  [347 349 354]
  [342 345 348]
  [341 346 351]
  [341 345 350]
  [340 342 348]
  [334 337 342]
  [332 336 346]
  [334 337 340]
  [327 330 334]
  [324 330 334]
  [320 337 351]
  [316 320 324]
  [316 319 323]
  [316 320 324]
  [319 323 327]
  [317 320 323]
  [315 318 322]
  [310 314 320]
  [309 314 318]
  [305 313 321]
  [313 316 318]
  [304 309 315]
  [304 308 314]
  [298 302 304]
  [293 300 308]
  [295 302 309]
  [291 296 302]
  [293 296 301]
  [285 293 303]
  [279 284 292]
  [286 292 299]
  [285 290 295]
  [289 291 294]
  [283 286 290]
  [276 283 288]
  [278 282 285]
  [275 277 280]
  [273 277 280]
  [270 275 280]
  [274 276 280]
  [274 280 285]
  [271 277 285]
  [266 271 277]
  [271 273 278]
  [271 274 277]
  [265 268 274]
  [264 266 269]
  [235 259 269]
  [190 222 253]
  [203 235 256]
  [252 257 263]
  [250 259 264]
  [251 258 263]
  [255 259 262]
  [260 262 268]
  [259 261 266]
  [246 256 263]]

 [[307 322 335]
  [334 341 348]
  [340 346 350]
  [348 350 354]
  [344 349 353]
  [342 350 352]
  [346 353 358]
  [346 348 354]
  [346 348 352]
  [346 349 353]
  [345 348 354]
  [345 350 354]
  [350 353 357]
  [342 346 352]
  [338 346 351]
  [344 348 353]
  [347 349 354]
  [343 346 351]
  [349 351 357]
  [349 354 360]
  [345 353 360]
  [350 355 362]
  [354 358 361]
  [352 356 361]
  [334 347 356]
  [340 351 359]
  [346 353 358]
  [344 349 352]
  [338 343 349]
  [345 348 353]
  [336 345 351]
  [335 342 351]
  [337 342 349]
  [335 338 343]
  [335 337 343]
  [336 339 344]
  [330 333 338]
  [330 333 336]
  [332 335 340]
  [324 330 335]
  [312 330 339]
  [309 318 325]
  [317 320 325]
  [317 321 324]
  [319 322 325]
  [312 317 320]
  [306 312 318]
  [306 308 313]
  [308 310 313]
  [309 313 320]
  [308 311 319]
  [300 305 315]
  [300 306 312]
  [298 303 306]
  [290 297 303]
  [292 295 298]
  [292 297 304]
  [290 293 296]
  [280 285 294]
  [276 285 300]
  [290 295 300]
  [285 287 292]
  [285 287 290]
  [279 283 286]
  [275 279 287]
  [276 281 286]
  [270 273 278]
  [273 275 277]
  [271 273 277]
  [272 275 278]
  [274 277 282]
  [265 270 275]
  [267 272 277]
  [273 275 279]
  [270 274 277]
  [264 267 271]
  [256 264 269]
  [260 263 267]
  [256 259 263]
  [256 261 264]
  [199 240 261]
  [169 195 232]
  [164 211 255]
  [244 255 259]
  [257 259 264]
  [256 258 260]
  [250 254 261]]

 [[306 320 334]
  [334 341 348]
  [343 347 350]
  [348 350 353]
  [348 353 358]
  [345 349 355]
  [343 347 352]
  [344 347 353]
  [348 350 355]
  [342 346 351]
  [344 347 355]
  [344 348 355]
  [344 351 354]
  [344 350 357]
  [341 346 351]
  [343 348 351]
  [338 344 349]
  [341 347 350]
  [352 354 357]
  [345 350 357]
  [346 352 359]
  [344 352 357]
  [346 353 360]
  [348 353 358]
  [324 338 349]
  [338 348 357]
  [346 352 361]
  [340 347 352]
  [343 347 352]
  [344 347 350]
  [342 344 348]
  [338 343 348]
  [333 342 347]
  [341 343 347]
  [334 338 344]
  [331 338 344]
  [330 334 338]
  [330 333 337]
  [326 329 332]
  [320 323 329]
  [315 328 341]
  [314 322 328]
  [315 321 327]
  [310 315 322]
  [314 318 324]
  [313 317 321]
  [305 313 319]
  [302 310 316]
  [308 314 318]
  [309 312 317]
  [305 309 313]
  [297 301 308]
  [291 296 302]
  [296 302 307]
  [298 303 310]
  [295 297 301]
  [291 297 302]
  [287 292 298]
  [285 290 296]
  [286 292 298]
  [289 292 295]
  [285 287 291]
  [279 282 287]
  [280 282 286]
  [279 283 287]
  [277 282 288]
  [275 278 281]
  [274 276 279]
  [267 272 277]
  [269 274 279]
  [267 271 276]
  [262 267 274]
  [260 262 268]
  [262 269 277]
  [266 269 272]
  [263 265 268]
  [255 260 266]
  [255 259 263]
  [257 260 263]
  [255 259 262]
  [256 260 262]
  [230 253 260]
  [221 250 262]
  [252 257 260]
  [254 257 259]
  [250 255 261]
  [243 250 255]]

 [[304 321 335]
  [333 342 347]
  [341 346 352]
  [345 347 352]
  [351 353 358]
  [347 351 354]
  [342 348 354]
  [345 347 352]
  [344 347 351]
  [344 347 351]
  [339 345 353]
  [342 346 354]
  [340 348 358]
  [340 345 349]
  [345 350 356]
  [344 348 353]
  [343 348 355]
  [337 342 348]
  [345 347 351]
  [341 346 351]
  [336 343 352]
  [347 350 352]
  [345 351 358]
  [349 356 362]
  [346 351 359]
  [347 350 354]
  [346 349 354]
  [343 347 354]
  [344 346 350]
  [342 345 352]
  [340 344 349]
  [337 341 346]
  [329 334 343]
  [333 337 344]
  [331 338 342]
  [331 336 339]
  [328 330 334]
  [328 330 335]
  [326 329 334]
  [314 324 333]
  [312 319 328]
  [309 318 325]
  [312 317 322]
  [311 314 318]
  [311 314 319]
  [311 312 316]
  [312 314 317]
  [312 314 316]
  [311 313 316]
  [304 307 312]
  [303 306 311]
  [301 305 312]
  [297 302 308]
  [301 303 306]
  [295 299 305]
  [288 292 296]
  [288 292 296]
  [288 291 294]
  [292 295 298]
  [286 288 291]
  [285 291 296]
  [285 288 292]
  [282 285 288]
  [276 279 283]
  [277 280 284]
  [276 280 286]
  [275 279 283]
  [276 279 284]
  [271 273 276]
  [266 272 276]
  [271 274 278]
  [265 268 272]
  [261 265 271]
  [265 269 276]
  [265 268 273]
  [259 264 268]
  [257 261 264]
  [257 261 266]
  [259 262 268]
  [257 260 264]
  [255 259 263]
  [254 258 261]
  [251 256 260]
  [248 254 259]
  [253 255 257]
  [248 250 255]
  [239 246 255]]

 [[300 315 330]
  [334 338 342]
  [339 343 346]
  [344 347 352]
  [336 344 352]
  [342 344 348]
  [344 348 352]
  [344 347 351]
  [344 349 355]
  [345 348 354]
  [343 350 354]
  [344 346 350]
  [344 346 350]
  [341 344 349]
  [339 345 351]
  [342 345 350]
  [338 342 348]
  [339 347 355]
  [342 347 353]
  [342 346 352]
  [346 351 355]
  [345 351 357]
  [349 352 357]
  [350 354 358]
  [347 351 359]
  [341 347 359]
  [346 348 352]
  [340 343 349]
  [336 342 349]
  [346 349 354]
  [337 340 346]
  [339 342 344]
  [331 336 341]
  [329 333 337]
  [332 337 342]
  [326 330 337]
  [326 331 339]
  [327 329 336]
  [319 324 330]
  [321 323 325]
  [310 323 333]
  [308 310 316]
  [309 315 321]
  [309 312 316]
  [302 309 319]
  [306 310 315]
  [314 316 319]
  [300 306 312]
  [305 307 310]
  [299 305 310]
  [299 302 309]
  [296 301 307]
  [300 304 310]
  [295 300 306]
  [288 292 296]
  [289 292 300]
  [294 297 302]
  [287 291 294]
  [291 293 296]
  [283 289 293]
  [284 288 292]
  [279 284 288]
  [270 280 288]
  [263 276 283]
  [278 282 285]
  [277 280 284]
  [276 280 285]
  [272 275 279]
  [271 273 280]
  [267 270 275]
  [260 267 273]
  [256 263 270]
  [264 266 269]
  [264 268 272]
  [265 267 271]
  [257 262 265]
  [254 259 265]
  [255 262 268]
  [256 260 265]
  [258 259 262]
  [253 257 261]
  [251 255 260]
  [251 254 257]
  [245 250 254]
  [248 250 257]
  [247 249 253]
  [241 247 252]]

 [[311 322 331]
  [328 334 341]
  [336 342 348]
  [341 343 349]
  [328 338 344]
  [340 344 350]
  [342 345 348]
  [337 343 350]
  [338 343 350]
  [338 344 348]
  [307 327 341]
  [325 338 346]
  [341 344 349]
  [338 342 347]
  [336 342 349]
  [338 341 347]
  [338 341 345]
  [340 344 350]
  [339 342 347]
  [338 343 348]
  [346 348 351]
  [347 349 353]
  [346 349 354]
  [346 350 354]
  [344 347 352]
  [346 349 353]
  [347 349 353]
  [340 344 348]
  [334 338 347]
  [333 340 348]
  [336 341 346]
  [338 341 346]
  [332 334 339]
  [331 335 341]
  [320 327 335]
  [318 325 333]
  [320 327 330]
  [327 329 332]
  [320 324 332]
  [315 318 326]
  [303 314 323]
  [304 309 314]
  [309 314 320]
  [312 314 316]
  [307 315 318]
  [286 303 311]
  [300 309 317]
  [306 309 312]
  [308 310 315]
  [296 305 311]
  [299 303 307]
  [302 304 309]
  [291 301 309]
  [289 293 302]
  [291 294 300]
  [292 297 302]
  [293 296 301]
  [292 295 299]
  [284 291 297]
  [280 285 292]
  [282 286 291]
  [281 284 287]
  [272 279 284]
  [274 279 283]
  [277 279 282]
  [273 276 280]
  [271 275 278]
  [270 273 277]
  [269 272 276]
  [267 271 276]
  [258 266 274]
  [249 257 266]
  [264 271 275]
  [258 265 271]
  [260 262 269]
  [254 257 260]
  [254 261 265]
  [256 259 262]
  [256 258 261]
  [255 257 260]
  [252 256 258]
  [254 256 260]
  [249 252 255]
  [245 250 254]
  [243 248 253]
  [242 247 252]
  [238 245 250]]

 [[306 318 328]
  [330 333 338]
  [332 339 351]
  [341 345 349]
  [338 341 346]
  [343 345 347]
  [334 340 346]
  [337 341 349]
  [340 343 345]
  [341 344 353]
  [329 344 354]
  [333 341 346]
  [340 343 347]
  [337 341 346]
  [337 340 345]
  [338 341 347]
  [338 342 346]
  [340 344 347]
  [338 345 351]
  [339 343 348]
  [336 344 353]
  [338 344 351]
  [343 345 351]
  [342 345 350]
  [344 347 350]
  [338 343 347]
  [341 345 348]
  [338 342 345]
  [335 340 344]
  [335 339 344]
  [332 337 343]
  [327 334 341]
  [327 331 334]
  [331 334 338]
  [318 324 332]
  [316 319 324]
  [318 322 331]
  [321 325 331]
  [318 321 325]
  [315 319 323]
  [297 311 319]
  [297 307 311]
  [307 311 317]
  [304 309 313]
  [310 312 316]
  [297 308 315]
  [305 306 308]
  [302 308 312]
  [302 307 312]
  [297 299 303]
  [295 300 304]
  [294 297 302]
  [293 296 299]
  [291 296 302]
  [291 294 302]
  [286 289 297]
  [287 290 295]
  [286 291 296]
  [284 286 293]
  [281 284 288]
  [284 289 293]
  [280 284 289]
  [278 280 288]
  [278 280 282]
  [276 281 285]
  [274 277 281]
  [269 274 278]
  [267 275 278]
  [265 268 271]
  [264 269 274]
  [258 263 270]
  [264 269 274]
  [260 269 275]
  [260 262 266]
  [255 258 264]
  [259 261 266]
  [246 254 262]
  [253 255 257]
  [255 257 259]
  [254 256 259]
  [250 252 256]
  [247 249 255]
  [245 249 252]
  [244 245 248]
  [240 243 247]
  [242 244 246]
  [239 243 246]]

 [[300 318 335]
  [331 336 341]
  [339 341 345]
  [340 343 350]
  [340 347 352]
  [340 343 347]
  [335 340 347]
  [334 340 347]
  [344 346 349]
  [338 345 353]
  [334 342 353]
  [332 338 345]
  [336 339 342]
  [332 337 345]
  [334 337 340]
  [341 343 348]
  [340 342 347]
  [341 345 348]
  [337 341 344]
  [337 339 343]
  [337 340 344]
  [336 338 342]
  [338 342 347]
  [340 343 346]
  [337 342 347]
  [341 345 349]
  [340 343 346]
  [340 344 349]
  [338 342 344]
  [336 339 344]
  [330 336 342]
  [331 336 341]
  [325 329 335]
  [330 332 337]
  [312 323 332]
  [315 319 326]
  [315 323 329]
  [321 326 330]
  [319 321 325]
  [316 321 324]
  [299 311 321]
  [302 310 317]
  [307 311 316]
  [307 311 318]
  [305 311 315]
  [305 310 313]
  [304 307 312]
  [300 305 311]
  [300 304 309]
  [288 295 301]
  [289 294 303]
  [295 298 301]
  [296 298 302]
  [292 297 301]
  [292 293 297]
  [287 291 295]
  [286 292 295]
  [284 288 293]
  [285 287 289]
  [280 283 287]
  [280 283 286]
  [279 280 283]
  [279 281 285]
  [276 278 280]
  [275 279 283]
  [273 276 280]
  [268 274 279]
  [259 268 276]
  [249 256 263]
  [258 262 266]
  [250 257 267]
  [262 268 275]
  [257 261 267]
  [249 253 260]
  [248 249 255]
  [250 256 266]
  [248 254 260]
  [250 255 262]
  [252 254 258]
  [249 252 256]
  [248 250 255]
  [246 249 253]
  [240 245 251]
  [240 242 245]
  [238 241 244]
  [242 246 250]
  [240 243 248]]

 [[300 316 330]
  [324 332 340]
  [330 336 342]
  [339 344 348]
  [340 344 349]
  [337 341 348]
  [340 342 345]
  [336 341 345]
  [342 345 350]
  [332 338 342]
  [336 340 346]
  [334 337 342]
  [333 338 344]
  [342 345 350]
  [334 338 343]
  [338 340 342]
  [340 345 351]
  [338 342 348]
  [336 340 344]
  [334 338 343]
  [336 340 345]
  [341 343 349]
  [335 339 343]
  [338 341 346]
  [341 343 346]
  [338 344 349]
  [334 341 346]
  [333 340 347]
  [335 338 344]
  [335 337 340]
  [328 332 337]
  [330 334 341]
  [323 332 340]
  [324 327 331]
  [320 327 333]
  [317 322 329]
  [319 323 327]
  [322 325 328]
  [320 321 324]
  [317 318 320]
  [297 310 319]
  [299 307 313]
  [312 313 316]
  [305 309 316]
  [299 304 311]
  [304 305 308]
  [298 301 308]
  [289 294 298]
  [288 294 306]
  [293 296 301]
  [295 298 302]
  [296 299 303]
  [294 298 303]
  [292 294 298]
  [290 295 300]
  [286 290 296]
  [282 289 294]
  [279 284 291]
  [279 283 291]
  [279 282 285]
  [279 283 287]
  [274 278 284]
  [276 280 284]
  [271 278 286]
  [270 272 275]
  [258 268 278]
  [257 265 277]
  [257 262 268]
  [255 265 276]
  [264 268 273]
  [265 267 270]
  [262 267 272]
  [258 263 267]
  [257 262 267]
  [254 259 267]
  [257 261 268]
  [251 256 262]
  [252 259 264]
  [250 253 255]
  [246 251 255]
  [246 249 253]
  [243 248 253]
  [241 242 246]
  [237 240 242]
  [237 240 243]
  [242 243 245]
  [233 239 246]]

 [[289 309 329]
  [324 334 340]
  [333 336 339]
  [337 339 343]
  [337 341 347]
  [337 343 350]
  [338 341 345]
  [329 338 343]
  [335 339 343]
  [337 340 342]
  [336 339 346]
  [336 339 344]
  [335 338 343]
  [332 337 342]
  [328 332 337]
  [333 337 340]
  [333 337 340]
  [327 334 338]
  [337 340 344]
  [334 337 343]
  [334 339 342]
  [339 342 347]
  [336 342 350]
  [333 336 339]
  [333 338 345]
  [337 342 346]
  [332 336 341]
  [339 341 344]
  [335 337 341]
  [329 334 338]
  [328 333 338]
  [334 337 340]
  [323 327 333]
  [324 327 332]
  [320 322 327]
  [313 318 326]
  [316 319 327]
  [313 319 324]
  [310 313 318]
  [311 314 317]
  [295 304 315]
  [298 305 311]
  [306 309 316]
  [306 309 312]
  [304 307 312]
  [299 302 305]
  [295 299 304]
  [292 294 300]
  [296 299 304]
  [296 300 304]
  [289 293 300]
  [289 293 297]
  [287 292 298]
  [288 292 295]
  [287 292 296]
  [285 288 291]
  [273 277 284]
  [276 281 285]
  [282 285 287]
  [273 281 288]
  [277 279 285]
  [268 274 279]
  [275 278 280]
  [272 276 281]
  [269 272 275]
  [259 264 266]
  [266 268 274]
  [267 271 275]
  [266 269 274]
  [262 266 270]
  [265 266 268]
  [254 261 267]
  [256 259 263]
  [253 256 263]
  [251 254 257]
  [257 260 263]
  [255 257 260]
  [253 256 261]
  [243 247 252]
  [242 247 255]
  [243 244 248]
  [243 246 249]
  [241 245 248]
  [237 240 245]
  [234 238 243]
  [239 240 243]
  [231 236 240]]

 [[300 313 325]
  [324 333 338]
  [336 341 347]
  [336 341 346]
  [335 341 349]
  [331 336 344]
  [330 334 341]
  [334 339 344]
  [335 338 341]
  [330 338 342]
  [330 337 343]
  [333 336 340]
  [333 336 340]
  [330 333 338]
  [327 332 336]
  [327 332 338]
  [330 333 337]
  [331 333 337]
  [334 340 342]
  [330 336 343]
  [328 334 341]
  [333 336 342]
  [337 340 348]
  [333 336 339]
  [326 335 343]
  [337 342 347]
  [329 335 340]
  [333 339 348]
  [333 335 339]
  [329 331 334]
  [326 329 333]
  [326 329 333]
  [320 323 327]
  [321 324 327]
  [320 322 326]
  [316 319 321]
  [316 317 320]
  [317 318 321]
  [314 317 321]
  [312 313 316]
  [292 303 318]
  [297 303 310]
  [300 303 309]
  [304 305 307]
  [293 299 306]
  [294 301 307]
  [301 304 308]
  [298 302 304]
  [292 298 304]
  [289 293 299]
  [291 293 297]
  [285 290 294]
  [287 290 293]
  [285 288 292]
  [278 287 295]
  [281 284 287]
  [277 279 284]
  [277 281 286]
  [280 284 290]
  [276 278 280]
  [273 277 281]
  [272 275 279]
  [272 276 282]
  [271 274 277]
  [269 275 279]
  [268 274 280]
  [266 268 271]
  [265 268 271]
  [264 266 270]
  [255 261 266]
  [262 264 267]
  [255 260 264]
  [252 257 263]
  [244 250 254]
  [252 257 261]
  [252 256 262]
  [250 252 255]
  [250 253 257]
  [245 248 256]
  [247 248 254]
  [244 245 248]
  [243 245 248]
  [237 241 248]
  [236 241 244]
  [237 241 245]
  [235 237 241]
  [232 236 243]]

 [[296 310 321]
  [323 330 338]
  [338 341 345]
  [334 338 345]
  [332 335 338]
  [330 335 340]
  [329 333 337]
  [336 339 344]
  [333 336 341]
  [328 332 337]
  [330 332 334]
  [334 337 341]
  [331 336 341]
  [328 332 337]
  [331 334 338]
  [329 334 341]
  [332 335 338]
  [332 334 336]
  [329 332 341]
  [328 335 340]
  [329 331 335]
  [335 336 339]
  [333 337 341]
  [328 333 341]
  [322 329 335]
  [323 331 342]
  [332 334 339]
  [327 330 334]
  [325 329 333]
  [325 328 333]
  [326 330 335]
  [322 325 328]
  [319 324 329]
  [317 321 325]
  [320 323 326]
  [313 319 323]
  [312 316 320]
  [314 318 324]
  [309 316 322]
  [310 312 316]
  [289 302 314]
  [292 300 311]
  [297 302 307]
  [297 300 304]
  [296 300 307]
  [297 300 306]
  [296 298 303]
  [292 297 302]
  [289 295 299]
  [286 292 298]
  [291 293 300]
  [283 287 291]
  [280 287 293]
  [287 288 291]
  [283 287 292]
  [274 280 284]
  [273 279 290]
  [275 280 287]
  [276 279 282]
  [271 273 278]
  [263 272 277]
  [268 272 277]
  [264 272 278]
  [263 271 277]
  [269 271 278]
  [267 272 278]
  [265 268 272]
  [260 264 269]
  [258 262 266]
  [255 260 263]
  [261 263 265]
  [257 260 265]
  [251 258 266]
  [252 256 262]
  [254 259 264]
  [249 252 255]
  [245 248 253]
  [242 245 250]
  [245 248 252]
  [248 249 252]
  [240 244 250]
  [239 243 246]
  [233 239 244]
  [236 239 243]
  [234 237 241]
  [235 237 239]
  [230 234 240]]

 [[288 308 322]
  [320 328 333]
  [334 338 345]
  [331 336 340]
  [332 336 342]
  [334 336 338]
  [333 336 340]
  [337 339 343]
  [335 338 342]
  [335 338 342]
  [330 335 340]
  [331 336 341]
  [330 333 338]
  [329 332 340]
  [332 334 337]
  [331 334 339]
  [327 331 337]
  [324 331 335]
  [333 336 340]
  [329 332 339]
  [324 331 338]
  [328 332 338]
  [330 332 337]
  [323 331 336]
  [321 326 331]
  [330 333 337]
  [329 332 337]
  [326 332 336]
  [325 330 335]
  [324 326 330]
  [322 325 331]
  [320 323 328]
  [315 320 327]
  [312 317 320]
  [309 317 326]
  [314 321 329]
  [305 313 320]
  [309 313 319]
  [309 312 318]
  [308 310 312]
  [288 300 310]
  [293 300 307]
  [300 305 308]
  [295 300 304]
  [297 300 305]
  [290 295 301]
  [291 294 298]
  [291 293 296]
  [293 296 301]
  [293 295 299]
  [290 293 298]
  [287 290 293]
  [284 286 292]
  [284 286 288]
  [280 284 289]
  [274 278 284]
  [272 274 277]
  [271 274 279]
  [272 275 279]
  [272 275 280]
  [273 276 279]
  [274 276 281]
  [269 271 274]
  [266 268 273]
  [264 267 271]
  [265 267 269]
  [260 265 270]
  [262 264 267]
  [255 261 267]
  [255 260 264]
  [254 258 265]
  [253 256 259]
  [251 255 261]
  [251 256 260]
  [251 254 260]
  [243 249 255]
  [246 250 255]
  [246 248 252]
  [246 247 250]
  [242 245 246]
  [240 242 244]
  [237 239 244]
  [235 237 241]
  [233 236 241]
  [234 236 238]
  [232 236 242]
  [230 234 238]]

 [[282 305 324]
  [327 329 332]
  [333 336 339]
  [334 337 341]
  [332 335 339]
  [328 332 337]
  [330 332 335]
  [330 334 337]
  [334 336 340]
  [329 332 337]
  [325 330 335]
  [328 331 338]
  [325 327 331]
  [322 329 336]
  [326 330 337]
  [328 334 340]
  [329 333 337]
  [330 333 336]
  [330 333 337]
  [329 333 337]
  [323 329 336]
  [323 327 333]
  [328 334 339]
  [324 328 333]
  [327 329 333]
  [326 329 334]
  [324 329 336]
  [326 329 334]
  [322 325 331]
  [323 325 330]
  [321 324 329]
  [320 323 328]
  [316 320 325]
  [318 320 324]
  [314 319 326]
  [312 317 321]
  [310 312 316]
  [305 308 314]
  [302 306 312]
  [301 308 315]
  [283 295 310]
  [286 296 301]
  [299 302 306]
  [296 302 307]
  [299 302 308]
  [292 297 301]
  [288 292 295]
  [287 290 295]
  [287 291 295]
  [286 291 297]
  [286 289 292]
  [286 288 291]
  [284 287 290]
  [281 286 291]
  [276 278 284]
  [276 279 282]
  [276 278 281]
  [271 272 276]
  [272 273 275]
  [273 275 279]
  [272 274 276]
  [272 274 276]
  [269 271 274]
  [264 267 271]
  [260 263 271]
  [263 266 269]
  [262 265 268]
  [259 263 269]
  [256 259 262]
  [257 260 265]
  [255 259 262]
  [258 260 265]
  [249 254 260]
  [248 252 258]
  [249 251 255]
  [244 249 254]
  [245 249 251]
  [247 249 253]
  [242 245 250]
  [240 243 250]
  [235 239 243]
  [233 236 239]
  [230 234 240]
  [230 232 235]
  [229 232 239]
  [231 232 234]
  [226 232 236]]

 [[289 307 321]
  [323 327 334]
  [320 330 335]
  [325 332 339]
  [332 335 340]
  [327 332 339]
  [329 332 334]
  [327 331 335]
  [326 330 334]
  [328 332 336]
  [326 330 335]
  [322 328 333]
  [325 329 333]
  [325 326 330]
  [326 328 331]
  [330 331 334]
  [327 329 332]
  [327 329 332]
  [326 333 336]
  [328 332 338]
  [329 334 339]
  [329 333 340]
  [330 332 335]
  [322 329 338]
  [327 331 337]
  [326 330 333]
  [322 326 329]
  [315 322 327]
  [316 321 325]
  [319 325 330]
  [316 322 328]
  [314 319 326]
  [313 316 322]
  [310 315 322]
  [312 314 317]
  [308 312 317]
  [308 311 315]
  [304 308 313]
  [303 305 314]
  [305 310 313]
  [280 294 306]
  [282 294 301]
  [292 296 301]
  [291 296 300]
  [291 296 301]
  [292 295 298]
  [286 293 297]
  [286 292 296]
  [288 290 294]
  [287 288 290]
  [278 283 288]
  [278 283 291]
  [279 286 294]
  [274 280 287]
  [276 278 281]
  [275 279 282]
  [272 274 278]
  [270 273 276]
  [272 277 283]
  [272 274 278]
  [264 268 271]
  [262 268 272]
  [265 268 271]
  [260 264 267]
  [264 265 268]
  [257 260 263]
  [258 262 266]
  [256 259 264]
  [252 255 260]
  [255 260 265]
  [252 256 259]
  [254 256 261]
  [248 253 258]
  [249 251 254]
  [250 253 258]
  [245 249 253]
  [241 246 254]
  [243 245 248]
  [239 241 246]
  [237 242 249]
  [236 238 242]
  [233 235 240]
  [230 233 238]
  [232 234 238]
  [228 230 233]
  [228 232 235]
  [225 229 232]]

 [[284 307 325]
  [325 329 333]
  [320 330 336]
  [325 332 336]
  [325 330 338]
  [326 332 339]
  [326 330 334]
  [325 328 331]
  [327 331 336]
  [329 331 337]
  [330 333 338]
  [325 330 333]
  [327 330 335]
  [321 328 335]
  [320 326 331]
  [325 328 333]
  [324 326 333]
  [325 328 332]
  [322 327 332]
  [328 335 343]
  [326 332 338]
  [331 334 338]
  [325 330 334]
  [326 330 335]
  [329 331 336]
  [329 331 334]
  [323 328 334]
  [324 327 331]
  [319 324 327]
  [319 323 326]
  [317 321 326]
  [315 319 322]
  [311 315 320]
  [310 314 322]
  [310 314 319]
  [305 307 310]
  [305 309 313]
  [305 309 312]
  [304 307 311]
  [304 307 310]
  [279 293 306]
  [280 289 298]
  [290 295 298]
  [295 298 302]
  [289 294 297]
  [292 297 301]
  [293 297 300]
  [284 288 292]
  [281 287 292]
  [283 288 291]
  [276 290 298]
  [279 285 289]
  [277 281 288]
  [274 277 281]
  [275 277 280]
  [274 277 280]
  [268 273 276]
  [266 269 272]
  [268 271 276]
  [267 271 275]
  [265 269 273]
  [264 269 273]
  [263 265 269]
  [261 265 269]
  [259 262 265]
  [256 258 262]
  [257 261 266]
  [256 259 264]
  [254 256 259]
  [255 256 260]
  [254 258 261]
  [250 254 259]
  [237 245 253]
  [243 248 254]
  [245 250 254]
  [241 246 251]
  [245 247 250]
  [241 242 245]
  [238 240 242]
  [236 238 242]
  [232 236 240]
  [230 231 235]
  [228 232 236]
  [227 230 236]
  [227 232 237]
  [228 232 236]
  [224 227 233]]

 [[281 303 322]
  [320 324 329]
  [325 330 335]
  [328 330 333]
  [328 331 336]
  [327 331 335]
  [327 329 334]
  [325 328 334]
  [324 329 333]
  [324 326 329]
  [322 327 332]
  [326 330 334]
  [325 329 335]
  [323 327 332]
  [323 325 327]
  [322 324 329]
  [326 328 332]
  [328 330 333]
  [322 326 331]
  [325 327 332]
  [325 328 334]
  [327 331 335]
  [325 327 330]
  [326 330 335]
  [329 331 336]
  [325 327 330]
  [325 328 331]
  [324 326 330]
  [314 319 326]
  [318 320 322]
  [317 320 323]
  [312 318 325]
  [312 317 321]
  [309 313 319]
  [303 312 319]
  [304 310 314]
  [301 305 310]
  [304 307 312]
  [298 307 312]
  [300 303 308]
  [273 289 302]
  [274 287 294]
  [288 292 297]
  [289 292 296]
  [288 290 296]
  [286 288 291]
  [290 293 297]
  [281 286 295]
  [279 283 287]
  [281 284 288]
  [278 282 289]
  [276 279 286]
  [271 275 280]
  [268 275 282]
  [277 280 282]
  [272 274 278]
  [274 274 277]
  [263 268 275]
  [265 266 269]
  [262 266 270]
  [262 263 268]
  [260 262 265]
  [260 263 266]
  [259 262 269]
  [261 264 270]
  [260 263 267]
  [260 262 265]
  [256 258 261]
  [258 260 265]
  [253 257 264]
  [251 254 258]
  [246 254 258]
  [246 250 254]
  [245 247 251]
  [238 243 248]
  [240 244 248]
  [233 240 247]
  [236 240 243]
  [238 241 244]
  [236 239 243]
  [234 237 241]
  [231 233 236]
  [231 233 236]
  [225 230 236]
  [225 228 232]
  [226 229 233]
  [222 227 231]]

 [[276 299 316]
  [315 321 327]
  [324 327 330]
  [327 329 333]
  [325 329 336]
  [324 328 331]
  [329 332 337]
  [327 331 334]
  [317 324 333]
  [324 327 331]
  [327 330 334]
  [324 327 330]
  [315 319 326]
  [317 322 328]
  [323 328 335]
  [321 326 329]
  [324 325 328]
  [319 323 329]
  [323 328 332]
  [325 327 330]
  [324 328 333]
  [320 324 334]
  [323 327 332]
  [319 323 330]
  [324 325 330]
  [327 329 331]
  [318 324 327]
  [317 321 325]
  [319 323 327]
  [311 318 323]
  [310 317 322]
  [307 313 316]
  [309 314 318]
  [310 314 319]
  [303 307 311]
  [304 307 311]
  [297 302 307]
  [300 304 307]
  [297 301 303]
  [293 298 304]
  [270 284 297]
  [277 285 294]
  [284 290 299]
  [290 292 294]
  [287 291 294]
  [282 287 291]
  [282 289 293]
  [282 284 291]
  [278 283 286]
  [277 280 284]
  [277 280 283]
  [276 278 284]
  [276 278 281]
  [273 275 277]
  [274 276 279]
  [273 276 279]
  [268 271 275]
  [268 271 275]
  [264 268 272]
  [263 266 271]
  [262 265 268]
  [263 265 267]
  [260 266 271]
  [259 262 265]
  [255 259 262]
  [249 258 264]
  [256 260 266]
  [256 258 262]
  [251 254 260]
  [252 254 257]
  [250 251 254]
  [247 249 253]
  [246 249 252]
  [247 249 253]
  [242 243 246]
  [238 243 247]
  [237 240 243]
  [234 239 243]
  [233 239 243]
  [235 239 242]
  [229 232 238]
  [228 231 234]
  [229 231 235]
  [230 232 238]
  [226 229 233]
  [226 228 231]
  [219 224 228]]

 [[274 299 316]
  [306 313 322]
  [324 328 332]
  [324 329 333]
  [323 327 331]
  [321 325 330]
  [321 325 329]
  [320 324 329]
  [323 326 330]
  [323 326 328]
  [323 326 331]
  [320 324 329]
  [318 324 329]
  [317 323 329]
  [320 325 330]
  [321 325 329]
  [321 327 332]
  [321 325 331]
  [322 324 330]
  [316 320 325]
  [323 325 328]
  [313 318 325]
  [317 321 327]
  [317 323 327]
  [323 326 330]
  [320 323 327]
  [317 320 324]
  [314 320 326]
  [315 318 321]
  [315 320 326]
  [309 311 314]
  [310 313 317]
  [309 311 315]
  [307 311 314]
  [299 303 308]
  [300 303 308]
  [300 302 305]
  [297 301 305]
  [296 299 302]
  [294 299 304]
  [271 286 298]
  [274 284 291]
  [289 293 296]
  [286 293 298]
  [288 292 298]
  [283 286 290]
  [278 283 291]
  [279 283 286]
  [284 286 289]
  [277 283 286]
  [276 279 281]
  [274 276 281]
  [266 271 279]
  [272 273 277]
  [273 276 281]
  [267 272 277]
  [267 271 273]
  [268 272 279]
  [266 270 273]
  [257 264 269]
  [260 261 264]
  [256 259 262]
  [255 259 263]
  [252 257 261]
  [251 257 261]
  [252 257 261]
  [251 256 262]
  [255 257 259]
  [246 251 255]
  [248 251 256]
  [248 252 256]
  [247 251 255]
  [245 249 251]
  [243 245 250]
  [242 245 250]
  [243 246 250]
  [236 240 244]
  [236 238 241]
  [234 237 240]
  [232 235 238]
  [232 234 236]
  [232 234 238]
  [229 231 237]
  [223 228 234]
  [219 224 231]
  [222 226 232]
  [220 224 228]]

 [[269 294 311]
  [315 323 331]
  [324 327 332]
  [322 326 332]
  [324 329 333]
  [322 325 329]
  [323 326 330]
  [323 325 330]
  [324 325 328]
  [321 324 327]
  [318 322 330]
  [320 323 329]
  [320 323 329]
  [316 321 328]
  [313 320 329]
  [312 318 321]
  [316 319 326]
  [320 324 330]
  [312 320 329]
  [312 320 324]
  [323 326 330]
  [323 327 331]
  [323 325 329]
  [323 325 328]
  [324 325 328]
  [320 324 328]
  [315 320 327]
  [314 317 323]
  [311 314 318]
  [314 316 318]
  [310 314 319]
  [306 310 315]
  [310 312 315]
  [307 310 314]
  [299 303 308]
  [299 302 306]
  [298 302 308]
  [299 303 306]
  [294 297 302]
  [295 298 302]
  [272 287 302]
  [275 281 293]
  [283 288 296]
  [285 289 293]
  [283 288 292]
  [281 286 291]
  [283 285 289]
  [281 284 288]
  [281 284 287]
  [278 280 285]
  [277 279 282]
  [274 277 282]
  [270 274 277]
  [270 274 277]
  [269 272 276]
  [264 268 272]
  [266 268 271]
  [266 269 271]
  [260 267 271]
  [264 266 271]
  [258 263 267]
  [249 254 261]
  [250 255 264]
  [249 253 256]
  [253 257 260]
  [254 257 260]
  [238 247 255]
  [249 252 258]
  [249 253 259]
  [246 249 252]
  [245 248 255]
  [244 248 251]
  [247 249 253]
  [241 244 247]
  [231 237 244]
  [232 236 241]
  [233 239 244]
  [238 238 241]
  [232 234 237]
  [232 235 238]
  [226 229 233]
  [232 233 237]
  [231 232 236]
  [225 229 232]
  [224 227 232]
  [223 224 226]
  [222 224 227]]

 [[249 290 312]
  [314 316 322]
  [317 322 330]
  [319 325 329]
  [323 326 329]
  [321 324 329]
  [320 324 329]
  [322 323 327]
  [323 326 331]
  [321 324 328]
  [318 319 321]
  [319 323 329]
  [318 321 329]
  [316 319 324]
  [311 314 321]
  [318 322 329]
  [318 320 325]
  [316 318 322]
  [313 319 324]
  [313 320 326]
  [317 322 329]
  [323 326 330]
  [324 327 330]
  [323 326 332]
  [317 321 325]
  [318 321 324]
  [315 319 321]
  [317 320 323]
  [316 319 324]
  [307 314 322]
  [304 308 313]
  [304 309 312]
  [311 313 316]
  [306 309 314]
  [304 307 312]
  [300 303 308]
  [297 300 303]
  [296 300 303]
  [294 298 301]
  [292 296 300]
  [277 286 294]
  [273 280 292]
  [282 289 295]
  [287 289 295]
  [282 285 289]
  [281 286 288]
  [279 286 291]
  [280 283 287]
  [277 281 285]
  [278 281 287]
  [277 280 285]
  [273 275 278]
  [267 272 279]
  [269 272 276]
  [269 272 276]
  [269 270 274]
  [263 267 271]
  [263 268 271]
  [264 266 271]
  [255 260 268]
  [253 257 263]
  [230 245 256]
  [238 248 255]
  [254 256 259]
  [256 257 259]
  [252 254 256]
  [241 249 256]
  [247 250 253]
  [247 250 254]
  [245 248 251]
  [244 246 248]
  [245 248 252]
  [244 248 253]
  [234 239 246]
  [235 240 245]
  [236 239 248]
  [235 238 242]
  [234 237 242]
  [234 236 239]
  [230 234 238]
  [227 230 232]
  [230 231 235]
  [229 230 233]
  [225 227 230]
  [221 224 230]
  [223 226 230]
  [213 221 228]]

 [[164 214 309]
  [185 266 315]
  [194 275 320]
  [194 282 325]
  [206 289 324]
  [213 290 322]
  [220 293 324]
  [234 298 324]
  [237 298 328]
  [251 300 326]
  [261 306 325]
  [270 306 320]
  [278 311 328]
  [282 309 323]
  [289 310 320]
  [293 311 324]
  [300 312 322]
  [300 317 327]
  [307 317 325]
  [309 317 325]
  [311 319 326]
  [313 320 329]
  [317 325 332]
  [308 319 327]
  [315 321 328]
  [311 320 326]
  [313 321 329]
  [313 319 323]
  [312 317 323]
  [309 313 321]
  [306 310 316]
  [302 309 319]
  [302 308 317]
  [304 306 312]
  [298 302 307]
  [303 305 309]
  [295 300 306]
  [291 298 303]
  [293 298 303]
  [295 296 299]
  [282 289 296]
  [277 282 294]
  [281 286 301]
  [279 286 292]
  [283 287 293]
  [277 280 285]
  [277 280 284]
  [274 279 286]
  [273 276 282]
  [269 275 280]
  [266 273 281]
  [267 274 279]
  [261 272 279]
  [265 270 276]
  [268 271 275]
  [265 269 273]
  [261 269 275]
  [261 265 273]
  [250 261 265]
  [255 259 263]
  [253 259 263]
  [241 254 261]
  [242 252 261]
  [248 251 256]
  [248 253 258]
  [251 255 258]
  [244 250 256]
  [249 253 259]
  [247 250 256]
  [245 249 252]
  [241 248 252]
  [239 244 250]
  [241 244 248]
  [236 241 247]
  [233 237 243]
  [228 236 242]
  [229 235 240]
  [231 234 239]
  [230 234 238]
  [230 233 237]
  [227 229 233]
  [227 231 234]
  [226 230 235]
  [221 226 231]
  [219 224 229]
  [223 225 227]
  [211 221 229]]]